    0.000   11.561   34.684   57.806   80.929  104.052  127.174  150.297  173.419  196.542
    11.561    2.091E-02  1.809E-02  2.200E-02  2.018E-02  2.087E-02  1.704E-02  2.101E-02  1.375E-02  3.256E-03 
    34.684   1.809E-02  2.142E-02  1.861E-02  2.165E-02  1.751E-02  1.980E-02  2.060E-02  1.315E-02  3.103E-03 
    57.806   2.199E-02  1.861E-02  2.151E-02  1.812E-02  1.981E-02  1.602E-02  1.785E-02  1.118E-02  2.602E-03 
    80.929   2.018E-02  2.165E-02  1.812E-02  2.053E-02  1.702E-02  1.821E-02  1.250E-02  7.401E-03  1.594E-03 
   104.052   2.086E-02  1.750E-02  1.980E-02  1.702E-02  1.986E-02  1.728E-02  1.185E-02  3.932E-03  3.829E-04 
   127.174   1.703E-02  1.979E-02  1.601E-02  1.820E-02  1.728E-02  1.622E-02  9.273E-03  1.938E-03  0.000E+00 
   150.297   2.099E-02  2.058E-02  1.783E-02  1.249E-02  1.185E-02  9.272E-03  3.699E-03  4.424E-04  0.000E+00 
   173.419   1.374E-02  1.314E-02  1.117E-02  7.396E-03  3.930E-03  1.938E-03  4.424E-04  0.000E+00  0.000E+00 
   196.542   3.252E-03  3.100E-03  2.600E-03  1.592E-03  3.827E-04  0.000E+00  0.000E+00  0.000E+00  0.000E+00 
