    0.000   10.804   32.412   54.020   75.628   97.236  118.844  140.452  162.060  183.668
  *********   2.163E-02  2.210E-02  2.247E-02  2.371E-02  2.433E-02  2.415E-02  2.112E-02  1.521E-02  2.194E-03 
  *********   2.210E-02  2.208E-02  2.301E-02  2.376E-02  2.466E-02  2.304E-02  2.067E-02  1.198E-02  1.608E-03 
  *********   2.247E-02  2.301E-02  2.349E-02  2.427E-02  2.279E-02  2.188E-02  1.794E-02  4.009E-03  4.038E-04 
  *********   2.370E-02  2.376E-02  2.427E-02  2.229E-02  2.072E-02  1.937E-02  1.212E-02  1.750E-03  0.000E+00 
  *********   2.432E-02  2.466E-02  2.278E-02  2.072E-02  1.714E-02  1.220E-02  3.030E-03  3.771E-04  0.000E+00 
  *********   2.413E-02  2.303E-02  2.187E-02  1.937E-02  1.219E-02  2.958E-03  4.216E-04  0.000E+00  0.000E+00 
  *********   2.111E-02  2.066E-02  1.793E-02  1.212E-02  3.029E-03  4.215E-04  0.000E+00  0.000E+00  0.000E+00 
  *********   1.520E-02  1.197E-02  4.007E-03  1.749E-03  3.769E-04  0.000E+00  0.000E+00  0.000E+00  0.000E+00 
  *********   2.192E-03  1.607E-03  4.035E-04  0.000E+00  0.000E+00  0.000E+00  0.000E+00  0.000E+00  0.000E+00 
