    0.000   10.804   32.412   54.020   75.628   97.236  118.844  140.452  162.060  183.668
  *********   2.542E-02  2.079E-02  2.641E-02  2.230E-02  2.867E-02  2.345E-02  2.425E-02  1.291E-02  1.904E-03 
  *********   2.079E-02  2.594E-02  2.165E-02  2.798E-02  2.399E-02  2.687E-02  1.565E-02  9.885E-03  1.403E-03 
  *********   2.640E-02  2.165E-02  2.765E-02  2.360E-02  2.680E-02  1.979E-02  1.492E-02  3.496E-03  4.019E-04 
  *********   2.229E-02  2.797E-02  2.360E-02  2.624E-02  1.908E-02  1.473E-02  1.000E-02  1.540E-03  0.000E+00 
  *********   2.866E-02  2.398E-02  2.680E-02  1.908E-02  1.991E-02  1.031E-02  2.635E-03  3.740E-04  0.000E+00 
  *********   2.344E-02  2.686E-02  1.978E-02  1.472E-02  1.031E-02  2.588E-03  4.209E-04  0.000E+00  0.000E+00 
  *********   2.423E-02  1.564E-02  1.491E-02  9.997E-03  2.634E-03  4.208E-04  0.000E+00  0.000E+00  0.000E+00 
  *********   1.290E-02  9.879E-03  3.494E-03  1.539E-03  3.739E-04  0.000E+00  0.000E+00  0.000E+00  0.000E+00 
  *********   1.902E-03  1.402E-03  4.017E-04  0.000E+00  0.000E+00  0.000E+00  0.000E+00  0.000E+00  0.000E+00 
