    0.000   10.804   32.412   54.020   75.628   97.236  118.844  140.452  162.060  183.668
  *********   2.165E-02  2.219E-02  2.249E-02  2.380E-02  2.430E-02  2.410E-02  2.108E-02  1.488E-02  2.341E-03 
  *********   2.219E-02  2.209E-02  2.311E-02  2.375E-02  2.461E-02  2.303E-02  2.066E-02  1.178E-02  1.721E-03 
  *********   2.249E-02  2.310E-02  2.347E-02  2.422E-02  2.278E-02  2.196E-02  1.763E-02  4.282E-03  4.568E-04 
  *********   2.379E-02  2.374E-02  2.421E-02  2.228E-02  2.082E-02  1.931E-02  1.190E-02  1.878E-03  0.000E+00 
  *********   2.429E-02  2.460E-02  2.277E-02  2.081E-02  1.710E-02  1.199E-02  3.232E-03  4.262E-04  0.000E+00 
  *********   2.409E-02  2.302E-02  2.195E-02  1.931E-02  1.199E-02  3.154E-03  4.779E-04  0.000E+00  0.000E+00 
  *********   2.107E-02  2.065E-02  1.762E-02  1.190E-02  3.231E-03  4.778E-04  0.000E+00  0.000E+00  0.000E+00 
  *********   1.487E-02  1.177E-02  4.280E-03  1.877E-03  4.260E-04  0.000E+00  0.000E+00  0.000E+00  0.000E+00 
  *********   2.339E-03  1.720E-03  4.565E-04  0.000E+00  0.000E+00  0.000E+00  0.000E+00  0.000E+00  0.000E+00 
