    0.000   10.804   32.412   54.020   75.628   97.236  118.844  140.452  162.060  183.668
  *********   2.198E-02  2.217E-02  2.283E-02  2.378E-02  2.464E-02  2.405E-02  2.130E-02  1.450E-02  2.387E-03 
  *********   2.217E-02  2.243E-02  2.309E-02  2.410E-02  2.457E-02  2.333E-02  2.016E-02  1.150E-02  1.758E-03 
  *********   2.283E-02  2.309E-02  2.381E-02  2.417E-02  2.311E-02  2.186E-02  1.718E-02  4.371E-03  4.705E-04 
  *********   2.377E-02  2.409E-02  2.417E-02  2.260E-02  2.076E-02  1.882E-02  1.162E-02  1.920E-03  0.000E+00 
  *********   2.463E-02  2.456E-02  2.310E-02  2.076E-02  1.729E-02  1.173E-02  3.300E-03  4.391E-04  0.000E+00 
  *********   2.404E-02  2.332E-02  2.185E-02  1.882E-02  1.173E-02  3.222E-03  4.927E-04  0.000E+00  0.000E+00 
  *********   2.128E-02  2.015E-02  1.718E-02  1.161E-02  3.299E-03  4.926E-04  0.000E+00  0.000E+00  0.000E+00 
  *********   1.449E-02  1.149E-02  4.368E-03  1.919E-03  4.389E-04  0.000E+00  0.000E+00  0.000E+00  0.000E+00 
  *********   2.385E-03  1.757E-03  4.702E-04  0.000E+00  0.000E+00  0.000E+00  0.000E+00  0.000E+00  0.000E+00 
