    0.000   10.000   30.000   50.000   70.000   90.000  110.000  130.000  150.000  170.000
  -Infinity   1.968E-02  2.527E-02  2.762E-02  2.331E-02  1.599E-02  1.794E-02  1.752E-02  1.203E-02  1.954E-03 
  -Infinity   2.527E-02  2.734E-02  2.816E-02  2.502E-02  2.058E-02  1.957E-02  1.778E-02  1.175E-02  1.862E-03 
  -Infinity   2.762E-02  2.816E-02  2.795E-02  2.557E-02  2.235E-02  2.014E-02  1.728E-02  9.804E-03  1.400E-03 
  -Infinity   2.331E-02  2.502E-02  2.557E-02  2.267E-02  1.855E-02  1.703E-02  1.339E-02  3.445E-03  4.390E-04 
  -Infinity   1.598E-02  2.058E-02  2.235E-02  1.855E-02  1.219E-02  1.242E-02  8.516E-03  1.416E-03  0.000E+00 
  -Infinity   1.793E-02  1.956E-02  2.014E-02  1.703E-02  1.242E-02  8.248E-03  2.310E-03  3.631E-04  0.000E+00 
  -Infinity   1.752E-02  1.777E-02  1.728E-02  1.339E-02  8.515E-03  2.310E-03  4.154E-04  0.000E+00  0.000E+00 
  -Infinity   1.202E-02  1.175E-02  9.801E-03  3.445E-03  1.416E-03  3.631E-04  0.000E+00  0.000E+00  0.000E+00 
  -Infinity   1.953E-03  1.861E-03  1.400E-03  4.389E-04  0.000E+00  0.000E+00  0.000E+00  0.000E+00  0.000E+00 
