    0.000   10.803   32.409   54.015   75.621   97.227  118.833  140.439  162.045  183.651
  *********   2.755E-02  2.225E-02  2.830E-02  2.245E-02  2.795E-02  2.224E-02  1.958E-02  1.242E-02  7.996E-04 
  *********   2.225E-02  2.825E-02  2.384E-02  2.850E-02  2.288E-02  2.566E-02  1.603E-02  9.864E-03  5.965E-04 
  *********   2.830E-02  2.384E-02  2.885E-02  2.334E-02  2.671E-02  1.982E-02  1.556E-02  1.506E-03  1.314E-04 
  *********   2.245E-02  2.850E-02  2.334E-02  2.695E-02  2.033E-02  1.659E-02  1.099E-02  7.169E-04  0.000E+00 
  *********   2.795E-02  2.288E-02  2.671E-02  2.033E-02  2.149E-02  1.216E-02  1.269E-03  1.367E-04  0.000E+00 
  *********   2.224E-02  2.566E-02  1.982E-02  1.659E-02  1.216E-02  1.323E-03  1.689E-04  0.000E+00  0.000E+00 
  *********   1.958E-02  1.603E-02  1.556E-02  1.099E-02  1.269E-03  1.689E-04  0.000E+00  0.000E+00  0.000E+00 
  *********   1.242E-02  9.864E-03  1.506E-03  7.169E-04  1.367E-04  0.000E+00  0.000E+00  0.000E+00  0.000E+00 
  *********   7.996E-04  5.965E-04  1.314E-04  0.000E+00  0.000E+00  0.000E+00  0.000E+00  0.000E+00  0.000E+00 
