    0.000   10.803   32.409   54.015   75.621   97.227  118.833  140.439  162.045  183.651
  *********   2.424E-02  2.420E-02  2.497E-02  2.440E-02  2.444E-02  2.268E-02  1.833E-02  1.261E-02  1.792E-03 
  *********   2.420E-02  2.492E-02  2.518E-02  2.501E-02  2.408E-02  2.247E-02  1.844E-02  1.024E-02  1.337E-03 
  *********   2.497E-02  2.518E-02  2.541E-02  2.461E-02  2.342E-02  2.126E-02  1.634E-02  3.761E-03  3.247E-04 
  *********   2.440E-02  2.501E-02  2.461E-02  2.362E-02  2.160E-02  1.896E-02  1.144E-02  1.617E-03  0.000E+00 
  *********   2.444E-02  2.408E-02  2.342E-02  2.160E-02  1.859E-02  1.255E-02  3.155E-03  3.381E-04  0.000E+00 
  *********   2.268E-02  2.247E-02  2.126E-02  1.896E-02  1.255E-02  3.279E-03  4.191E-04  0.000E+00  0.000E+00 
  *********   1.833E-02  1.844E-02  1.634E-02  1.144E-02  3.155E-03  4.191E-04  0.000E+00  0.000E+00  0.000E+00 
  *********   1.261E-02  1.024E-02  3.761E-03  1.617E-03  3.381E-04  0.000E+00  0.000E+00  0.000E+00  0.000E+00 
  *********   1.792E-03  1.337E-03  3.247E-04  0.000E+00  0.000E+00  0.000E+00  0.000E+00  0.000E+00  0.000E+00 
