    0.000   10.803   32.409   54.015   75.621   97.227  118.833  140.439  162.045  183.651
        NaN   2.686E-02  2.172E-02  2.779E-02  2.206E-02  2.772E-02  2.218E-02  1.990E-02  1.291E-02  8.180E-04 
        NaN   2.172E-02  2.770E-02  2.330E-02  2.815E-02  2.263E-02  2.578E-02  1.629E-02  1.032E-02  6.022E-04 
        NaN   2.779E-02  2.330E-02  2.849E-02  2.298E-02  2.669E-02  1.994E-02  1.606E-02  1.516E-03  1.471E-04 
        NaN   2.206E-02  2.815E-02  2.298E-02  2.689E-02  2.036E-02  1.697E-02  1.142E-02  7.156E-04  0.000E+00 
        NaN   2.772E-02  2.263E-02  2.669E-02  2.036E-02  2.208E-02  1.274E-02  1.275E-03  1.611E-04  0.000E+00 
        NaN   2.218E-02  2.578E-02  1.994E-02  1.696E-02  1.274E-02  1.328E-03  1.949E-04  0.000E+00  0.000E+00 
        NaN   1.990E-02  1.629E-02  1.606E-02  1.142E-02  1.275E-03  1.949E-04  0.000E+00  0.000E+00  0.000E+00 
        NaN   1.291E-02  1.032E-02  1.516E-03  7.156E-04  1.611E-04  0.000E+00  0.000E+00  0.000E+00  0.000E+00 
        NaN   8.180E-04  6.022E-04  1.471E-04  0.000E+00  0.000E+00  0.000E+00  0.000E+00  0.000E+00  0.000E+00 
