    0.000   10.803   32.409   54.015   75.621   97.227  118.833  140.439  162.045  183.651
        NaN   2.358E-02  2.362E-02  2.445E-02  2.399E-02  2.418E-02  2.264E-02  1.860E-02  1.305E-02  1.849E-03 
        NaN   2.362E-02  2.435E-02  2.464E-02  2.463E-02  2.385E-02  2.251E-02  1.878E-02  1.061E-02  1.361E-03 
        NaN   2.445E-02  2.464E-02  2.500E-02  2.428E-02  2.333E-02  2.143E-02  1.677E-02  3.881E-03  3.888E-04 
        NaN   2.399E-02  2.463E-02  2.428E-02  2.349E-02  2.169E-02  1.942E-02  1.177E-02  1.642E-03  0.000E+00 
        NaN   2.418E-02  2.385E-02  2.333E-02  2.169E-02  1.905E-02  1.301E-02  3.258E-03  4.141E-04  0.000E+00 
        NaN   2.264E-02  2.250E-02  2.143E-02  1.942E-02  1.301E-02  3.375E-03  5.216E-04  0.000E+00  0.000E+00 
        NaN   1.860E-02  1.878E-02  1.677E-02  1.177E-02  3.258E-03  5.216E-04  0.000E+00  0.000E+00  0.000E+00 
        NaN   1.305E-02  1.061E-02  3.881E-03  1.642E-03  4.141E-04  0.000E+00  0.000E+00  0.000E+00  0.000E+00 
        NaN   1.849E-03  1.361E-03  3.888E-04  0.000E+00  0.000E+00  0.000E+00  0.000E+00  0.000E+00  0.000E+00 
