    0.000   10.803   32.409   54.015   75.621   97.227  118.833  140.439  162.045  183.651
  12293.813   2.024E-02  2.020E-02  2.815E-02  2.295E-02  2.892E-02  2.258E-02  1.859E-02  1.183E-02  7.270E-04 
  12315.420   2.020E-02  2.707E-02  2.400E-02  2.941E-02  2.365E-02  2.621E-02  1.592E-02  9.445E-03  5.440E-04 
  12337.026   2.815E-02  2.400E-02  2.965E-02  2.417E-02  2.764E-02  2.035E-02  1.581E-02  1.422E-03  1.213E-04 
  12358.633   2.295E-02  2.941E-02  2.417E-02  2.790E-02  2.089E-02  1.704E-02  1.104E-02  6.852E-04  0.000E+00 
  12380.239   2.892E-02  2.365E-02  2.764E-02  2.089E-02  2.180E-02  1.222E-02  1.217E-03  1.306E-04  0.000E+00 
  12401.846   2.258E-02  2.621E-02  2.035E-02  1.704E-02  1.222E-02  1.264E-03  1.612E-04  0.000E+00  0.000E+00 
  12423.452   1.859E-02  1.592E-02  1.581E-02  1.104E-02  1.217E-03  1.612E-04  0.000E+00  0.000E+00  0.000E+00 
  12445.059   1.183E-02  9.445E-03  1.422E-03  6.852E-04  1.306E-04  0.000E+00  0.000E+00  0.000E+00  0.000E+00 
  12466.665   7.270E-04  5.440E-04  1.213E-04  0.000E+00  0.000E+00  0.000E+00  0.000E+00  0.000E+00  0.000E+00 
