    0.000     5.400   	10.800   	16.200   	21.600   	27.000  	 32.400   37.800   43.200  	 48.600   	54.000  	 59.400   	64.800   70.200  	 75.600  	 81.000   86.400  	 91.800   	97.200   	105.3
      5.400   6.119E-03  6.075E-03  5.996E-03  5.912E-03  5.915E-03  5.939E-03  5.691E-03  5.000E-03  4.188E-03  3.411E-03  3.058E-03  2.891E-03 	2.760E-03  2.894E-03  3.346E-03  3.316E-03  2.789E-03  2.020E-03  9.347E-04 
     10.800   6.077E-03  6.037E-03  5.959E-03  5.853E-03  5.753E-03  5.644E-03  5.343E-03  4.790E-03  4.145E-03  3.510E-03  3.112E-03  2.862E-03 	2.741E-03  2.872E-03  3.317E-03  3.284E-03  2.760E-03  1.998E-03  9.240E-04 
     16.200   6.000E-03  5.979E-03  5.919E-03  5.793E-03  5.600E-03  5.348E-03  5.010E-03  4.562E-03  4.023E-03  3.448E-03  3.062E-03  2.820E-03 	2.703E-03  2.829E-03  3.261E-03  3.221E-03  2.703E-03  1.954E-03  9.026E-04 
     21.600   5.895E-03  5.935E-03  5.973E-03  5.845E-03  5.526E-03  5.166E-03  4.783E-03  4.322E-03  3.793E-03  3.305E-03  2.979E-03  2.759E-03 	2.651E-03  2.773E-03  3.184E-03  3.133E-03  2.619E-03  1.888E-03  8.709E-04 
     27.000   5.740E-03  5.883E-03  6.042E-03  5.933E-03  5.479E-03  4.984E-03  4.555E-03  4.044E-03  3.380E-03  3.051E-03  2.885E-03  2.690E-03 	2.603E-03  2.728E-03  3.110E-03  3.030E-03  2.514E-03  1.804E-03  8.294E-04 
     32.400   5.491E-03  5.649E-03  5.847E-03  5.734E-03  5.237E-03  4.721E-03  4.286E-03  3.787E-03  3.200E-03  2.930E-03  2.794E-03  2.635E-03 	2.604E-03  2.778E-03  3.083E-03  2.923E-03  2.390E-03  1.701E-03  7.789E-04 
     37.800   5.126E-03  5.189E-03  5.260E-03  5.113E-03  4.733E-03  4.335E-03  3.933E-03  3.488E-03  3.133E-03  2.892E-03  2.712E-03  2.611E-03 	2.685E-03  3.029E-03  3.118E-03  2.808E-03  2.247E-03  1.582E-03  7.204E-04 
     43.200   4.661E-03  4.661E-03  4.607E-03  4.424E-03  4.121E-03  3.825E-03  3.499E-03  3.206E-03  2.967E-03  2.786E-03  2.668E-03  2.656E-03 	2.827E-03  3.153E-03  3.075E-03  2.657E-03  2.079E-03  1.448E-03  6.551E-04 
     48.600   4.073E-03  4.087E-03  4.025E-03  3.826E-03  3.419E-03  3.228E-03  3.146E-03  2.971E-03  2.823E-03  2.721E-03  2.711E-03  2.856E-03 	3.158E-03  3.213E-03  2.941E-03  2.457E-03  1.887E-03  1.300E-03  5.850E-04 
     54.000   3.357E-03  3.482E-03  3.446E-03  3.319E-03  3.073E-03  2.949E-03  2.902E-03  2.790E-03  2.723E-03  2.739E-03  2.909E-03  3.240E-03 	3.338E-03  3.136E-03  2.729E-03  2.218E-03  1.676E-03  1.144E-03  5.125E-04 
     59.400   3.028E-03  3.098E-03  3.061E-03  2.986E-03  2.896E-03  2.805E-03  2.719E-03  2.672E-03  2.712E-03  2.910E-03  3.277E-03  3.421E-03 	3.268E-03  2.913E-03  2.451E-03  1.950E-03  1.456E-03  9.869E-04  4.401E-04 
     64.800   2.880E-03  2.858E-03  2.821E-03  2.763E-03  2.696E-03  2.640E-03  2.615E-03  2.659E-03  2.858E-03  3.241E-03  3.422E-03  3.317E-03 	3.010E-03  2.592E-03  2.131E-03  1.671E-03  1.236E-03  8.333E-04  3.705E-04 
     70.200   2.759E-03  2.742E-03  2.706E-03  2.655E-03  2.607E-03  2.608E-03  2.689E-03  2.830E-03  3.160E-03  3.340E-03  3.269E-03  3.010E-03 	2.640E-03  2.222E-03  1.799E-03  1.396E-03  1.025E-03  6.887E-04  3.056E-04 
     75.600   2.898E-03  2.876E-03  2.834E-03  2.777E-03  2.733E-03  2.782E-03  3.032E-03  3.156E-03  3.216E-03  3.138E-03  2.914E-03  2.593E-03 	2.222E-03  1.841E-03  1.474E-03  1.136E-03  8.308E-04  5.565E-04  2.466E-04 
     81.000   3.353E-03  3.324E-03  3.267E-03  3.190E-03  3.115E-03  3.088E-03  3.122E-03  3.078E-03  2.943E-03  2.731E-03  2.452E-03  2.132E-03 	1.799E-03  1.474E-03  1.172E-03  8.989E-04  6.556E-04  4.385E-04  1.941E-04 
     86.400   3.323E-03  3.291E-03  3.228E-03  3.139E-03  3.035E-03  2.928E-03  2.812E-03  2.659E-03  2.460E-03  2.219E-03  1.952E-03  1.672E-03 	1.396E-03  1.136E-03  8.989E-04  6.874E-04  5.006E-04  3.345E-04  1.480E-04 
     91.800   2.795E-03  2.766E-03  2.708E-03  2.624E-03  2.518E-03  2.394E-03  2.250E-03  2.082E-03  1.889E-03  1.678E-03  1.457E-03  1.237E-03 	1.026E-03  8.310E-04  6.557E-04  5.006E-04  3.642E-04  2.433E-04  1.077E-04 
     97.200   2.025E-03  2.002E-03  1.958E-03  1.892E-03  1.807E-03  1.704E-03  1.584E-03  1.449E-03  1.301E-03  1.145E-03  9.875E-04  8.337E-04 	6.890E-04  5.567E-04  4.386E-04  3.345E-04  2.433E-04  1.625E-04  7.193E-05 
    105.300   9.368E-04  9.260E-04  9.045E-04  8.726E-04  8.309E-04  7.802E-04  7.214E-04  6.559E-04  5.856E-04  5.129E-04  4.405E-04  3.707E-04 	3.057E-04  2.467E-04  1.942E-04  1.481E-04  1.077E-04  7.193E-05  3.184E-05 

