    0.000     5.400   	10.800   16.200   21.600   27.000  32.400   37.800   43.200  	48.600   54.000  59.400   64.800   70.200  75.600  81.000   86.400  91.800   97.200   105.3
      5.400   7.836E-03  7.746E-03  7.563E-03  7.272E-03  6.809E-03  6.275E-03  6.033E-03  5.963E-03  5.701E-03  5.280E-03  5.082E-03  5.013E-03 4.511E-03  3.543E-03  2.171E-03  1.172E-03  6.324E-04  3.371E-04  1.440E-04 																	
     10.800   7.745E-03  7.653E-03  7.478E-03  7.225E-03  6.885E-03  6.510E-03  6.246E-03  6.064E-03  5.860E-03  5.674E-03  5.452E-03  5.139E-03 4.524E-03  3.527E-03  2.154E-03  1.160E-03  6.244E-04  3.323E-04  1.417E-04 																	
     16.200   7.563E-03  7.456E-03  7.276E-03  7.070E-03  6.847E-03  6.597E-03  6.338E-03  6.088E-03  5.898E-03  5.816E-03  5.602E-03  5.182E-03 4.493E-03  3.474E-03  2.111E-03  1.132E-03  6.066E-04  3.218E-04  1.370E-04 																	
     21.600   7.305E-03  7.141E-03  6.881E-03  6.720E-03  6.647E-03  6.502E-03  6.261E-03  5.953E-03  5.675E-03  5.591E-03  5.465E-03  5.076E-03 4.377E-03  3.361E-03  2.028E-03  1.080E-03  5.760E-04  3.046E-04  1.295E-04 																	
     27.000   7.016E-03  6.774E-03  6.389E-03  6.268E-03  6.371E-03  6.333E-03  6.122E-03  5.748E-03  5.282E-03  5.134E-03  5.185E-03  4.863E-03 4.165E-03  3.162E-03  1.886E-03  9.956E-04  5.292E-04  2.797E-04  1.189E-04 																	
     32.400   6.750E-03  6.530E-03  6.187E-03  6.076E-03  6.171E-03  6.163E-03  6.015E-03  5.703E-03  5.234E-03  5.017E-03  4.984E-03  4.598E-03 3.849E-03  2.822E-03  1.647E-03  8.703E-04  4.653E-04  2.472E-04  1.056E-04 																	
     37.800   6.498E-03  6.380E-03  6.190E-03  6.058E-03  6.006E-03  5.980E-03  5.955E-03  5.845E-03  5.531E-03  5.201E-03  4.846E-03  4.273E-03 3.419E-03  2.259E-03  1.298E-03  7.134E-04  3.891E-04  2.095E-04  9.035E-05 																	
     43.200   6.205E-03  6.174E-03  6.073E-03  5.890E-03  5.696E-03  5.677E-03  5.837E-03  5.814E-03  5.548E-03  5.122E-03  4.560E-03  3.821E-03 2.874E-03  1.759E-03  9.898E-04  5.577E-04  3.113E-04  1.706E-04  7.455E-05 																	
     48.600   5.809E-03  5.926E-03  5.914E-03  5.662E-03  5.263E-03  5.220E-03  5.524E-03  5.546E-03  5.253E-03  4.742E-03  4.047E-03  3.168E-03 2.116E-03  1.267E-03  7.324E-04  4.212E-04  2.401E-04  1.341E-04  5.948E-05 																	
     54.000   5.336E-03  5.715E-03  5.836E-03  5.594E-03  5.129E-03  5.012E-03  5.198E-03  5.121E-03  4.742E-03  4.126E-03  3.298E-03  2.274E-03 1.431E-03  8.718E-04  5.218E-04  3.081E-04  1.796E-04  1.022E-04  4.606E-05 																	
     59.400   5.117E-03  5.480E-03  5.620E-03  5.474E-03  5.188E-03  4.985E-03  4.846E-03  4.561E-03  4.047E-03  3.299E-03  2.323E-03  1.501E-03 9.479E-04  5.909E-04  3.628E-04  2.197E-04  1.310E-04  7.596E-05  3.477E-05 																	
     64.800   5.038E-03  5.159E-03  5.198E-03  5.086E-03  4.869E-03  4.601E-03  4.275E-03  3.822E-03  3.169E-03  2.275E-03  1.502E-03  9.715E-04 6.235E-04  3.958E-04  2.482E-04  1.537E-04  9.358E-05  5.527E-05  2.569E-05 																	
     70.200   4.528E-03  4.539E-03  4.506E-03  4.386E-03  4.172E-03  3.853E-03  3.421E-03  2.876E-03  2.117E-03  1.431E-03  9.481E-04  6.236E-04 4.065E-04  2.626E-04  1.678E-04  1.060E-04  6.580E-05  3.953E-05  1.864E-05 																	
     75.600   3.555E-03  3.538E-03  3.484E-03  3.368E-03  3.167E-03  2.825E-03  2.261E-03  1.760E-03  1.268E-03  8.721E-04  5.910E-04  3.959E-04 2.626E-04  1.726E-04  1.123E-04  7.226E-05  4.566E-05  2.787E-05  1.331E-05 																	
     81.000   2.178E-03  2.160E-03  2.116E-03  2.033E-03  1.889E-03  1.649E-03  1.300E-03  9.906E-04  7.329E-04  5.221E-04  3.629E-04  2.483E-04 1.679E-04  1.123E-04  7.444E-05  4.873E-05  3.130E-05  1.938E-05  9.363E-06 																	
     86.400   1.176E-03  1.163E-03  1.134E-03  1.082E-03  9.974E-04  8.717E-04  7.143E-04  5.582E-04  4.215E-04  3.083E-04  2.198E-04  1.537E-04 1.060E-04  7.228E-05  4.873E-05  3.243E-05  2.115E-05  1.326E-05  6.476E-06 																	
     91.800   6.343E-04  6.261E-04  6.081E-04  5.772E-04  5.303E-04  4.660E-04  3.897E-04  3.116E-04  2.403E-04  1.798E-04  1.311E-04  9.362E-05 6.582E-05  4.567E-05  3.131E-05  2.115E-05  1.398E-05  8.871E-06  4.370E-06 																	
     97.200   3.381E-04  3.332E-04  3.226E-04  3.053E-04  2.803E-04  2.477E-04  2.098E-04  1.708E-04  1.342E-04  1.023E-04  7.601E-05  5.530E-05 3.955E-05  2.788E-05  1.938E-05  1.327E-05  8.871E-06  5.681E-06  2.820E-06 																	
    105.300   1.444E-04  1.421E-04  1.373E-04  1.297E-04  1.191E-04  1.058E-04  9.048E-05  7.464E-05  5.954E-05  4.611E-05  3.480E-05  2.571E-05 1.864E-05  1.331E-05  9.366E-06  6.478E-06  4.371E-06  2.820E-06  1.408E-06 																	
