    0.000      5.400   	10.800   	16.200   	21.600   	27.000  	 32.400   37.800   43.200  	 48.600   	54.000  	 59.400   	64.800   70.200  	 75.600  	 81.000   86.400  	 91.800   	97.200   	105.3
      5.400   7.831E-03  7.753E-03  7.610E-03  7.451E-03  7.435E-03  7.607E-03  7.130E-03  5.882E-03  4.526E-03  3.106E-03  2.619E-03  2.829E-03  2.896E-03  2.958E-03  3.131E-03  2.786E-03  2.147E-03  1.462E-03  6.412E-04 
     10.800   7.757E-03  7.685E-03  7.544E-03  7.353E-03  7.168E-03  6.973E-03  6.465E-03  5.588E-03  4.596E-03  3.650E-03  3.151E-03  3.007E-03  2.929E-03  2.952E-03  3.109E-03  2.761E-03  2.124E-03  1.445E-03  6.334E-04 
     16.200   7.620E-03  7.578E-03  7.469E-03  7.249E-03  6.920E-03  6.502E-03  5.952E-03  5.251E-03  4.476E-03  3.770E-03  3.337E-03  3.092E-03  2.934E-03  2.921E-03  3.059E-03  2.706E-03  2.077E-03  1.411E-03  6.176E-04 
     21.600   7.431E-03  7.490E-03  7.551E-03  7.327E-03  6.797E-03  6.212E-03  5.589E-03  4.833E-03  3.996E-03  3.414E-03  3.186E-03  3.032E-03  2.883E-03  2.859E-03  2.976E-03  2.620E-03  2.004E-03  1.357E-03  5.934E-04 
     27.000   7.162E-03  7.394E-03  7.824E-03  7.612E-03  6.716E-03  5.926E-03  5.233E-03  4.334E-03  3.122E-03  2.682E-03  2.886E-03  2.906E-03  2.805E-03  2.783E-03  2.870E-03  2.504E-03  1.904E-03  1.285E-03  5.608E-04 
     32.400   6.741E-03  6.992E-03  7.448E-03  7.234E-03  6.314E-03  5.528E-03  4.866E-03  4.017E-03  2.896E-03  2.525E-03  2.765E-03  2.817E-03  2.761E-03  2.770E-03  2.772E-03  2.364E-03  1.779E-03  1.196E-03  5.205E-04 
     37.800   6.141E-03  6.240E-03  6.347E-03  6.097E-03  5.500E-03  4.938E-03  4.431E-03  3.834E-03  3.237E-03  2.917E-03  2.846E-03  2.790E-03  2.782E-03  2.903E-03  2.688E-03  2.199E-03  1.632E-03  1.091E-03  4.736E-04 
     43.200   5.380E-03  5.404E-03  5.324E-03  4.986E-03  4.445E-03  4.065E-03  3.847E-03  3.598E-03  3.306E-03  3.062E-03  2.899E-03  2.808E-03  2.819E-03  2.862E-03  2.523E-03  2.001E-03  1.466E-03  9.745E-04  4.223E-04 
     48.600   4.368E-03  4.518E-03  4.482E-03  4.038E-03  3.153E-03  2.912E-03  3.244E-03  3.309E-03  3.185E-03  3.027E-03  2.918E-03  2.910E-03  2.965E-03  2.736E-03  2.289E-03  1.776E-03  1.288E-03  8.526E-04  3.688E-04 
     54.000   3.072E-03  3.627E-03  3.768E-03  3.425E-03  2.691E-03  2.530E-03  2.921E-03  3.065E-03  3.028E-03  2.972E-03  2.998E-03  3.090E-03  2.902E-03  2.498E-03  2.013E-03  1.537E-03  1.107E-03  7.305E-04  3.157E-04 
     59.400   2.615E-03  3.147E-03  3.338E-03  3.191E-03  2.891E-03  2.769E-03  2.848E-03  2.901E-03  2.919E-03  2.998E-03  3.140E-03  2.999E-03  2.634E-03  2.178E-03  1.719E-03  1.298E-03  9.304E-04  6.132E-04  2.649E-04 
     64.800   2.830E-03  3.008E-03  3.095E-03  3.035E-03  2.910E-03  2.820E-03  2.793E-03  2.810E-03  2.912E-03  3.091E-03  3.000E-03  2.681E-03  2.263E-03  1.830E-03  1.427E-03  1.071E-03  7.662E-04  5.048E-04  2.181E-04 
     70.200   2.899E-03  2.932E-03  2.937E-03  2.887E-03  2.808E-03  2.764E-03  2.784E-03  2.821E-03  2.966E-03  2.903E-03  2.634E-03  2.263E-03  1.868E-03  1.492E-03  1.155E-03  8.650E-04  6.183E-04  4.076E-04  1.762E-04 
     75.600   2.962E-03  2.955E-03  2.925E-03  2.862E-03  2.786E-03  2.773E-03  2.906E-03  2.864E-03  2.738E-03  2.499E-03  2.178E-03  1.831E-03  1.492E-03  1.184E-03  9.137E-04  6.835E-04  4.888E-04  3.226E-04  1.396E-04 
     81.000   3.135E-03  3.113E-03  3.063E-03  2.980E-03  2.873E-03  2.775E-03  2.691E-03  2.525E-03  2.290E-03  2.014E-03  1.719E-03  1.427E-03  1.156E-03  9.138E-04  7.048E-04  5.275E-04  3.778E-04  2.497E-04  1.082E-04 
     86.400   2.790E-03  2.764E-03  2.710E-03  2.623E-03  2.507E-03  2.366E-03  2.201E-03  2.003E-03  1.777E-03  1.538E-03  1.298E-03  1.072E-03  8.652E-04  6.836E-04  5.276E-04  3.954E-04  2.837E-04  1.878E-04  8.151E-05 
     91.800   2.150E-03  2.127E-03  2.080E-03  2.006E-03  1.906E-03  1.781E-03  1.634E-03  1.467E-03  1.289E-03  1.107E-03  9.309E-04  7.665E-04  6.185E-04  4.889E-04  3.779E-04  2.837E-04  2.039E-04  1.352E-04  5.877E-05 
     97.200   1.464E-03  1.447E-03  1.412E-03  1.359E-03  1.287E-03  1.197E-03  1.092E-03  9.754E-04  8.532E-04  7.309E-04  6.135E-04  5.050E-04  4.077E-04  3.227E-04  2.497E-04  1.878E-04  1.353E-04  8.982E-05  3.908E-05 
    105.300   6.421E-04  6.343E-04  6.184E-04  5.941E-04  5.615E-04  5.210E-04  4.741E-04  4.226E-04  3.691E-04  3.159E-04  2.651E-04  2.182E-04  1.763E-04  1.397E-04  1.082E-04  8.152E-05  5.877E-05  3.908E-05  1.702E-05 
