    0.000      5.400   	10.800   	16.200   	21.600   	27.000  	 32.400   37.800   43.200  	 48.600   	54.000  	 59.400   	64.800   70.200  	 75.600  	 81.000   86.400  	 91.800   	97.200   	105.3
      5.400    8.695E-03  8.584E-03  8.363E-03  8.033E-03  7.585E-03  7.132E-03  6.735E-03  6.160E-03  5.365E-03  4.462E-03  3.943E-03  3.787E-03  3.505E-03  3.066E-03  2.468E-03  1.820E-03  1.271E-03  8.246E-04  3.749E-04
     10.800    8.584E-03  8.474E-03  8.259E-03  7.950E-03  7.554E-03  7.115E-03  6.649E-03  6.075E-03  5.401E-03  4.731E-03  4.236E-03  3.894E-03  3.520E-03  3.056E-03  2.451E-03  1.803E-03  1.258E-03  8.147E-04  3.701E-04
     16.200    8.366E-03  8.253E-03  8.044E-03  7.763E-03  7.411E-03  6.987E-03  6.490E-03  5.918E-03  5.314E-03  4.766E-03  4.319E-03  3.926E-03  3.503E-03  3.018E-03  2.409E-03  1.766E-03  1.228E-03  7.943E-04  3.605E-04
     21.600    8.054E-03  7.925E-03  7.700E-03  7.459E-03  7.166E-03  6.761E-03  6.252E-03  5.647E-03  5.006E-03  4.510E-03  4.174E-03  3.837E-03  3.423E-03  2.937E-03  2.334E-03  1.703E-03  1.181E-03  7.622E-04  3.455E-04
     27.000    7.672E-03  7.535E-03  7.321E-03  7.133E-03  6.870E-03  6.464E-03  5.954E-03  5.298E-03  4.485E-03  4.022E-03  3.909E-03  3.674E-03  3.288E-03  2.810E-03  2.220E-03  1.611E-03  1.114E-03  7.179E-04  3.251E-04
     32.400    7.234E-03  7.136E-03  6.995E-03  6.815E-03  6.508E-03  6.103E-03  5.633E-03  5.025E-03  4.257E-03  3.825E-03  3.730E-03  3.502E-03  3.120E-03  2.643E-03  2.060E-03  1.488E-03  1.027E-03  6.618E-04  2.997E-04
     37.800    6.719E-03  6.658E-03  6.543E-03  6.327E-03  5.998E-03  5.646E-03  5.278E-03  4.835E-03  4.332E-03  3.937E-03  3.657E-03  3.335E-03  2.930E-03  2.420E-03  1.846E-03  1.336E-03  9.241E-04  5.962E-04  2.703E-04
     43.200    6.101E-03  6.064E-03  5.938E-03  5.677E-03  5.321E-03  5.037E-03  4.839E-03  4.585E-03  4.249E-03  3.890E-03  3.527E-03  3.134E-03  2.691E-03  2.155E-03  1.618E-03  1.171E-03  8.117E-04  5.249E-04  2.385E-04
     48.600    5.348E-03  5.397E-03  5.323E-03  5.020E-03  4.497E-03  4.264E-03  4.336E-03  4.250E-03  4.006E-03  3.675E-03  3.295E-03  2.875E-03  2.380E-03  1.852E-03  1.386E-03  1.003E-03  6.971E-04  4.522E-04  2.059E-04
     54.000    4.459E-03  4.732E-03  4.772E-03  4.518E-03  4.028E-03  3.830E-03  3.941E-03  3.891E-03  3.676E-03  3.359E-03  2.979E-03  2.513E-03  2.007E-03  1.548E-03  1.159E-03  8.411E-04  5.863E-04  3.815E-04  1.742E-04
     59.400    3.945E-03  4.240E-03  4.325E-03  4.180E-03  3.914E-03  3.734E-03  3.660E-03  3.529E-03  3.296E-03  2.979E-03  2.560E-03  2.085E-03  1.646E-03  1.266E-03  9.491E-04  6.910E-04  4.835E-04  3.158E-04  1.446E-04
     64.800    3.791E-03  3.898E-03  3.931E-03  3.842E-03  3.678E-03  3.506E-03  3.338E-03  3.136E-03  2.876E-03  2.514E-03  2.086E-03  1.679E-03  1.321E-03  1.015E-03  7.626E-04  5.572E-04  3.915E-04  2.566E-04  1.179E-04
     70.200    3.509E-03  3.525E-03  3.508E-03  3.427E-03  3.291E-03  3.124E-03  2.932E-03  2.693E-03  2.381E-03  2.008E-03  1.647E-03  1.321E-03  1.038E-03  7.988E-04  6.018E-04  4.414E-04  3.115E-04  2.049E-04  9.438E-05
     75.600    3.070E-03  3.060E-03  3.022E-03  2.941E-03  2.814E-03  2.645E-03  2.422E-03  2.156E-03  1.853E-03  1.549E-03  1.267E-03  1.016E-03  7.989E-04  6.167E-04  4.663E-04  3.435E-04  2.433E-04  1.607E-04  7.421E-05
     81.000    2.472E-03  2.455E-03  2.412E-03  2.337E-03  2.222E-03  2.062E-03  1.847E-03  1.619E-03  1.387E-03  1.160E-03  9.495E-04  7.628E-04  6.019E-04  4.663E-04  3.541E-04  2.619E-04  1.863E-04  1.234E-04  5.715E-05
     86.400    1.823E-03  1.805E-03  1.768E-03  1.705E-03  1.613E-03  1.489E-03  1.338E-03  1.172E-03  1.004E-03  8.416E-04  6.913E-04  5.574E-04  4.416E-04  3.435E-04  2.619E-04  1.946E-04  1.389E-04  9.233E-05  4.285E-05
     91.800    1.273E-03  1.259E-03  1.230E-03  1.182E-03  1.115E-03  1.028E-03  9.250E-04  8.123E-04  6.976E-04  5.867E-04  4.838E-04  3.917E-04  3.116E-04  2.434E-04  1.863E-04  1.389E-04  9.953E-05  6.633E-05  3.085E-05
     97.200    8.257E-04  8.159E-04  7.954E-04  7.632E-04  7.187E-04  6.625E-04  5.968E-04  5.254E-04  4.525E-04  3.818E-04  3.160E-04  2.568E-04  2.050E-04  1.607E-04  1.235E-04  9.234E-05  6.633E-05  4.430E-05  2.064E-05
    105.300    3.754E-04  3.707E-04  3.609E-04  3.459E-04  3.255E-04  3.000E-04  2.706E-04  2.387E-04  2.061E-04  1.743E-04  1.447E-04  1.179E-04  9.441E-05  7.423E-05  5.716E-05  4.285E-05  3.085E-05  2.064E-05  9.625E-06


