    0.000      5.400   	10.800   	16.200   	21.600   	27.000  	 32.400   37.800   43.200  	 48.600   	54.000  	 59.400   	64.800   70.200  	 75.600  	 81.000   86.400  	 91.800   	97.200   	105.3
      5.400   6.377E-03  6.344E-03  6.299E-03  6.314E-03  6.608E-03  7.088E-03  6.637E-03  5.060E-03  3.240E-03  1.377E-03  1.005E-03  1.547E-03  1.968E-03  2.576E-03  3.656E-03  3.986E-03  3.501E-03  2.594E-03  1.215E-03
     10.800   6.351E-03  6.329E-03  6.280E-03  6.220E-03  6.221E-03  6.207E-03  5.696E-03  4.601E-03  3.324E-03  2.148E-03  1.694E-03  1.765E-03  2.014E-03  2.576E-03  3.634E-03  3.954E-03  3.469E-03  2.568E-03  1.202E-03
     16.200   6.315E-03  6.345E-03  6.341E-03  6.203E-03  5.920E-03  5.518E-03  4.924E-03  4.103E-03  3.167E-03  2.330E-03  1.948E-03  1.891E-03  2.044E-03  2.563E-03  3.588E-03  3.890E-03  3.404E-03  2.515E-03  1.177E-03
     21.600   6.267E-03  6.470E-03  6.723E-03  6.546E-03  5.896E-03  5.180E-03  4.448E-03  3.549E-03  2.549E-03  1.921E-03  1.813E-03  1.869E-03  2.036E-03  2.538E-03  3.526E-03  3.800E-03  3.310E-03  2.438E-03  1.138E-03
     27.000   6.124E-03  6.596E-03  7.315E-03  7.132E-03  5.974E-03  4.903E-03  4.037E-03  2.926E-03  1.388E-03  1.044E-03  1.528E-03  1.803E-03  2.034E-03  2.545E-03  3.482E-03  3.699E-03  3.192E-03  2.337E-03  1.087E-03
     32.400   5.742E-03  6.229E-03  6.976E-03  6.776E-03  5.561E-03  4.471E-03  3.626E-03  2.576E-03  1.199E-03  9.543E-04  1.486E-03  1.815E-03  2.131E-03  2.719E-03  3.534E-03  3.610E-03  3.055E-03  2.215E-03  1.025E-03
     37.800   5.077E-03  5.308E-03  5.585E-03  5.320E-03  4.513E-03  3.758E-03  3.113E-03  2.389E-03  1.759E-03  1.560E-03  1.709E-03  1.951E-03  2.387E-03  3.241E-03  3.709E-03  3.521E-03  2.897E-03  2.073E-03  9.526E-04
     43.200   4.179E-03  4.262E-03  4.227E-03  3.823E-03  3.126E-03  2.662E-03  2.411E-03  2.179E-03  1.965E-03  1.876E-03  1.953E-03  2.216E-03  2.768E-03  3.590E-03  3.774E-03  3.385E-03  2.708E-03  1.910E-03  8.711E-04
     48.600   2.944E-03  3.171E-03  3.170E-03  2.618E-03  1.430E-03  1.219E-03  1.769E-03  1.968E-03  1.988E-03  2.042E-03  2.251E-03  2.725E-03  3.480E-03  3.861E-03  3.703E-03  3.178E-03  2.482E-03  1.728E-03  7.825E-04
     54.000   1.324E-03  2.103E-03  2.321E-03  1.934E-03  1.051E-03  9.576E-04  1.563E-03  1.878E-03  2.043E-03  2.286E-03  2.774E-03  3.549E-03  3.977E-03  3.919E-03  3.510E-03  2.907E-03  2.225E-03  1.532E-03  6.897E-04
     59.400   9.995E-04  1.684E-03  1.945E-03  1.816E-03  1.531E-03  1.489E-03  1.711E-03  1.955E-03  2.252E-03  2.774E-03  3.590E-03  4.071E-03  4.075E-03  3.738E-03  3.206E-03  2.587E-03  1.950E-03  1.330E-03  5.959E-04
     64.800   1.547E-03  1.764E-03  1.891E-03  1.871E-03  1.805E-03  1.818E-03  1.952E-03  2.218E-03  2.726E-03  3.550E-03  4.072E-03  4.134E-03  3.860E-03  3.389E-03  2.826E-03  2.239E-03  1.668E-03  1.131E-03  5.045E-04
     70.200   1.969E-03  2.015E-03  2.046E-03  2.038E-03  2.036E-03  2.134E-03  2.389E-03  2.770E-03  3.482E-03  3.979E-03  4.076E-03  3.860E-03  3.452E-03  2.946E-03  2.410E-03  1.885E-03  1.394E-03  9.400E-04  4.183E-04
     75.600   2.579E-03  2.579E-03  2.566E-03  2.541E-03  2.547E-03  2.722E-03  3.244E-03  3.593E-03  3.863E-03  3.921E-03  3.739E-03  3.390E-03  2.946E-03  2.467E-03  1.992E-03  1.545E-03  1.136E-03  7.638E-04  3.393E-04
     81.000   3.660E-03  3.638E-03  3.592E-03  3.530E-03  3.486E-03  3.538E-03  3.712E-03  3.777E-03  3.705E-03  3.512E-03  3.207E-03  2.826E-03  2.410E-03  1.992E-03  1.594E-03  1.230E-03  9.010E-04  6.046E-04  2.683E-04
     86.400   3.992E-03  3.959E-03  3.895E-03  3.804E-03  3.704E-03  3.613E-03  3.524E-03  3.388E-03  3.181E-03  2.909E-03  2.588E-03  2.239E-03  1.886E-03  1.545E-03  1.230E-03  9.452E-04  6.910E-04  4.632E-04  2.054E-04
     91.800   3.506E-03  3.473E-03  3.408E-03  3.314E-03  3.195E-03  3.058E-03  2.900E-03  2.710E-03  2.483E-03  2.227E-03  1.951E-03  1.669E-03  1.394E-03  1.136E-03  9.011E-04  6.911E-04  5.046E-04  3.380E-04  1.499E-04
     97.200   2.598E-03  2.571E-03  2.519E-03  2.441E-03  2.340E-03  2.218E-03  2.075E-03  1.911E-03  1.729E-03  1.533E-03  1.331E-03  1.131E-03  9.403E-04  7.639E-04  6.047E-04  4.632E-04  3.381E-04  2.264E-04  1.004E-04
    105.300   1.217E-03  1.204E-03  1.178E-03  1.139E-03  1.088E-03  1.026E-03  9.535E-04  8.719E-04  7.831E-04  6.901E-04  5.962E-04  5.047E-04  4.185E-04  3.394E-04  2.683E-04  2.054E-04  1.499E-04  1.004E-04  4.452E-05

