    0.000     5.400   	10.800   	16.200   	21.600   	27.000  	 32.400   37.800   43.200  	 48.600   	54.000  	 59.400   	64.800   70.200  	 75.600  	 81.000   86.400  	 91.800   	97.200   	105.3
      5.400   9.082E-03  8.951E-03  8.685E-03  8.267E-03  7.622E-03  6.889E-03  6.487E-03  6.222E-03  5.700E-03  4.978E-03  4.633E-03  4.614E-03 4.199E-03  3.319E-03  2.032E-03  1.092E-03  5.858E-04  3.107E-04  1.321E-04 
     10.800   8.949E-03  8.816E-03  8.561E-03  8.189E-03  7.691E-03  7.135E-03  6.688E-03  6.297E-03  5.861E-03  5.465E-03  5.119E-03  4.794E-03 4.235E-03  3.314E-03  2.020E-03  1.082E-03  5.789E-04  3.064E-04  1.301E-04 
     16.200   8.685E-03  8.535E-03  8.274E-03  7.959E-03  7.597E-03  7.180E-03  6.728E-03  6.266E-03  5.865E-03  5.611E-03  5.303E-03  4.873E-03 4.228E-03  3.276E-03  1.984E-03  1.057E-03  5.632E-04  2.971E-04  1.259E-04 
     21.600   8.306E-03  8.089E-03  7.735E-03  7.478E-03  7.296E-03  6.996E-03  6.564E-03  6.043E-03  5.555E-03  5.322E-03  5.142E-03  4.771E-03 4.125E-03  3.175E-03  1.910E-03  1.010E-03  5.354E-04  2.815E-04  1.190E-04 
     27.000   7.866E-03  7.560E-03  7.070E-03  6.873E-03  6.894E-03  6.712E-03  6.316E-03  5.729E-03  4.993E-03  4.712E-03  4.803E-03  4.548E-03 3.923E-03  2.989E-03  1.777E-03  9.321E-04  4.922E-04  2.586E-04  1.093E-04 
     32.400   7.424E-03  7.156E-03  6.735E-03  6.554E-03  6.553E-03  6.406E-03  6.094E-03  5.594E-03  4.881E-03  4.552E-03  4.590E-03  4.292E-03 3.624E-03  2.667E-03  1.551E-03  8.144E-04  4.326E-04  2.285E-04  9.706E-05 
     37.800   6.970E-03  6.824E-03  6.584E-03  6.373E-03  6.211E-03  6.064E-03  5.916E-03  5.676E-03  5.237E-03  4.841E-03  4.512E-03  4.007E-03 3.224E-03  2.131E-03  1.220E-03  6.665E-04  3.613E-04  1.935E-04  8.300E-05 
     43.200   6.444E-03  6.398E-03  6.252E-03  5.987E-03  5.683E-03  5.572E-03  5.670E-03  5.592E-03  5.279E-03  4.836E-03  4.297E-03  3.608E-03 2.719E-03  1.658E-03  9.278E-04  5.198E-04  2.885E-04  1.572E-04  6.839E-05 
     48.600   5.793E-03  5.917E-03  5.878E-03  5.543E-03  4.976E-03  4.870E-03  5.232E-03  5.278E-03  4.999E-03  4.506E-03  3.842E-03  3.006E-03 2.002E-03  1.192E-03  6.851E-04  3.917E-04  2.220E-04  1.233E-04  5.447E-05 
     54.000   5.022E-03  5.496E-03  5.626E-03  5.325E-03  4.709E-03  4.549E-03  4.839E-03  4.836E-03  4.506E-03  3.931E-03  3.142E-03  2.159E-03 1.351E-03  8.181E-04  4.868E-04  2.858E-04  1.657E-04  9.381E-05  4.210E-05 
     59.400   4.656E-03  5.138E-03  5.315E-03  5.148E-03  4.806E-03  4.591E-03  4.512E-03  4.298E-03  3.843E-03  3.142E-03  2.208E-03  1.420E-03 8.917E-04  5.527E-04  3.374E-04  2.032E-04  1.205E-04  6.954E-05  3.171E-05 
     64.800   4.628E-03  4.806E-03  4.883E-03  4.777E-03  4.553E-03  4.295E-03  4.009E-03  3.609E-03  3.007E-03  2.159E-03  1.421E-03  9.148E-04 5.842E-04  3.688E-04  2.300E-04  1.417E-04  8.581E-05  5.046E-05  2.337E-05 
     70.200   4.209E-03  4.244E-03  4.235E-03  4.131E-03  3.927E-03  3.627E-03  3.226E-03  2.720E-03  2.003E-03  1.351E-03  8.919E-04  5.842E-04 3.791E-04  2.436E-04  1.549E-04  9.734E-05  6.014E-05  3.598E-05  1.691E-05 
     75.600   3.326E-03  3.320E-03  3.281E-03  3.180E-03  2.992E-03  2.669E-03  2.132E-03  1.659E-03  1.193E-03  8.184E-04  5.528E-04  3.689E-04 2.436E-04  1.594E-04  1.033E-04  6.611E-05  4.159E-05  2.529E-05  1.204E-05 
     81.000   2.036E-03  2.023E-03  1.988E-03  1.913E-03  1.780E-03  1.553E-03  1.221E-03  9.284E-04  6.855E-04  4.870E-04  3.375E-04  2.301E-04 1.549E-04  1.033E-04  6.812E-05  4.440E-05  2.841E-05  1.753E-05  8.448E-06 
     86.400   1.094E-03  1.084E-03  1.059E-03  1.012E-03  9.332E-04  8.153E-04  6.671E-04  5.202E-04  3.919E-04  2.860E-04  2.032E-04  1.417E-04 9.737E-05  6.612E-05  4.441E-05  2.944E-05  1.913E-05  1.197E-05  5.829E-06 
     91.800   5.869E-04  5.799E-04  5.640E-04  5.361E-04  4.928E-04  4.331E-04  3.617E-04  2.887E-04  2.222E-04  1.658E-04  1.205E-04  8.585E-05 6.016E-05  4.160E-05  2.841E-05  1.913E-05  1.261E-05  7.981E-06  3.924E-06 
     97.200   3.112E-04  3.070E-04  2.976E-04  2.819E-04  2.589E-04  2.288E-04  1.937E-04  1.574E-04  1.234E-04  9.387E-05  6.957E-05  5.048E-05 3.599E-05  2.529E-05  1.753E-05  1.197E-05  7.981E-06  5.100E-06  2.527E-06 
    105.300   1.323E-04  1.303E-04  1.261E-04  1.192E-04  1.095E-04  9.718E-05  8.309E-05  6.845E-05  5.451E-05  4.213E-05  3.173E-05  2.338E-05 1.691E-05  1.204E-05  8.450E-06  5.830E-06  3.925E-06  2.528E-06  1.261E-06 
	