    0.000   10.803   32.409   54.015   75.621   97.227  118.833  140.439  162.045  183.651
  10.803   2.266E-02  2.983E-02  2.444E-02  3.553E-02  4.265E-02  1.973E-02  9.025E-03  9.141E-03  7.594E-04 
  32.409   2.983E-02  4.327E-02  3.259E-02  4.493E-02  2.796E-02  1.275E-02  9.424E-03  7.239E-03  5.554E-04 
  54.015   2.444E-02  3.259E-02  2.316E-02  2.840E-02  1.666E-02  1.412E-02  6.265E-03  1.031E-03  1.095E-04 
  75.621   3.553E-02  4.493E-02  2.840E-02  3.362E-02  1.985E-02  1.594E-02  9.105E-03  6.276E-04  0.000E+00 
  97.227  4.265E-02  2.796E-02  1.666E-02  1.985E-02  1.233E-02  1.130E-02  1.475E-03  1.405E-04  0.000E+00 
  118.833  1.973E-02  1.275E-02  1.412E-02  1.594E-02  1.130E-02  1.431E-03  1.882E-04  0.000E+00  0.000E+00 
  140.439  9.025E-03  9.424E-03  6.265E-03  9.106E-03  1.475E-03  1.882E-04  0.000E+00  0.000E+00  0.000E+00 
  162.045  9.141E-03  7.239E-03  1.031E-03  6.276E-04  1.405E-04  0.000E+00  0.000E+00  0.000E+00  0.000E+00 
  183.651  7.594E-04  5.554E-04  1.095E-04  0.000E+00  0.000E+00  0.000E+00  0.000E+00  0.000E+00  0.000E+00 
