    0.000   10.804   32.412   54.020   75.628   97.236  118.844  140.452  162.060  183.668
  *********   2.202E-02  2.221E-02  2.287E-02  2.381E-02  2.466E-02  2.405E-02  2.128E-02  1.446E-02  2.384E-03 
  *********   2.221E-02  2.247E-02  2.313E-02  2.412E-02  2.458E-02  2.333E-02  2.014E-02  1.147E-02  1.758E-03 
  *********   2.286E-02  2.312E-02  2.384E-02  2.419E-02  2.311E-02  2.185E-02  1.715E-02  4.366E-03  4.635E-04 
  *********   2.380E-02  2.412E-02  2.419E-02  2.261E-02  2.076E-02  1.880E-02  1.160E-02  1.917E-03  0.000E+00 
  *********   2.465E-02  2.457E-02  2.311E-02  2.076E-02  1.727E-02  1.170E-02  3.299E-03  4.313E-04  0.000E+00 
  *********   2.403E-02  2.332E-02  2.184E-02  1.879E-02  1.170E-02  3.220E-03  4.834E-04  0.000E+00  0.000E+00 
  *********   2.126E-02  2.012E-02  1.714E-02  1.159E-02  3.298E-03  4.833E-04  0.000E+00  0.000E+00  0.000E+00 
  *********   1.445E-02  1.146E-02  4.364E-03  1.916E-03  4.311E-04  0.000E+00  0.000E+00  0.000E+00  0.000E+00 
  *********   2.382E-03  1.756E-03  4.632E-04  0.000E+00  0.000E+00  0.000E+00  0.000E+00  0.000E+00  0.000E+00 
