    0.000   10.804   32.412   54.020   75.628   97.236  118.844  140.452  162.060  183.668
  *********   2.167E-02  2.214E-02  2.251E-02  2.374E-02  2.435E-02  2.415E-02  2.111E-02  1.518E-02  2.190E-03 
  *********   2.214E-02  2.211E-02  2.305E-02  2.379E-02  2.468E-02  2.304E-02  2.064E-02  1.195E-02  1.607E-03 
  *********   2.250E-02  2.305E-02  2.352E-02  2.429E-02  2.279E-02  2.187E-02  1.790E-02  4.006E-03  3.984E-04 
  *********   2.373E-02  2.378E-02  2.428E-02  2.230E-02  2.072E-02  1.935E-02  1.210E-02  1.746E-03  0.000E+00 
  *********   2.434E-02  2.467E-02  2.279E-02  2.071E-02  1.712E-02  1.217E-02  3.030E-03  3.710E-04  0.000E+00 
  *********   2.413E-02  2.303E-02  2.186E-02  1.934E-02  1.216E-02  2.956E-03  4.138E-04  0.000E+00  0.000E+00 
  *********   2.109E-02  2.063E-02  1.789E-02  1.209E-02  3.028E-03  4.138E-04  0.000E+00  0.000E+00  0.000E+00 
  *********   1.517E-02  1.194E-02  4.003E-03  1.745E-03  3.708E-04  0.000E+00  0.000E+00  0.000E+00  0.000E+00 
  *********   2.188E-03  1.606E-03  3.981E-04  0.000E+00  0.000E+00  0.000E+00  0.000E+00  0.000E+00  0.000E+00 
