    0.000   10.804   32.412   54.020   75.628   97.236  118.844  140.452  162.060  183.668
  *********   2.169E-02  2.223E-02  2.252E-02  2.383E-02  2.432E-02  2.410E-02  2.106E-02  1.485E-02  2.338E-03 
  *********   2.223E-02  2.213E-02  2.314E-02  2.378E-02  2.463E-02  2.303E-02  2.064E-02  1.175E-02  1.720E-03 
  *********   2.252E-02  2.314E-02  2.350E-02  2.424E-02  2.278E-02  2.195E-02  1.760E-02  4.279E-03  4.500E-04 
  *********   2.382E-02  2.377E-02  2.423E-02  2.229E-02  2.081E-02  1.928E-02  1.188E-02  1.875E-03  0.000E+00 
  *********   2.431E-02  2.462E-02  2.278E-02  2.081E-02  1.708E-02  1.196E-02  3.232E-03  4.186E-04  0.000E+00 
  *********   2.408E-02  2.301E-02  2.194E-02  1.928E-02  1.196E-02  3.152E-03  4.687E-04  0.000E+00  0.000E+00 
  *********   2.105E-02  2.063E-02  1.759E-02  1.188E-02  3.230E-03  4.687E-04  0.000E+00  0.000E+00  0.000E+00 
  *********   1.484E-02  1.174E-02  4.276E-03  1.874E-03  4.184E-04  0.000E+00  0.000E+00  0.000E+00  0.000E+00 
  *********   2.336E-03  1.719E-03  4.497E-04  0.000E+00  0.000E+00  0.000E+00  0.000E+00  0.000E+00  0.000E+00 
