    0.000   10.804   32.412   54.020   75.628   97.236  118.844  140.452  162.060  183.668
  *********   2.546E-02  2.082E-02  2.644E-02  2.233E-02  2.869E-02  2.345E-02  2.422E-02  1.287E-02  1.903E-03 
  *********   2.082E-02  2.598E-02  2.168E-02  2.801E-02  2.399E-02  2.686E-02  1.563E-02  9.860E-03  1.404E-03 
  *********   2.644E-02  2.168E-02  2.768E-02  2.362E-02  2.681E-02  1.978E-02  1.489E-02  3.494E-03  3.956E-04 
  *********   2.232E-02  2.800E-02  2.361E-02  2.626E-02  1.908E-02  1.471E-02  9.981E-03  1.539E-03  0.000E+00 
  *********   2.868E-02  2.398E-02  2.680E-02  1.908E-02  1.988E-02  1.028E-02  2.635E-03  3.671E-04  0.000E+00 
  *********   2.343E-02  2.685E-02  1.977E-02  1.471E-02  1.028E-02  2.589E-03  4.129E-04  0.000E+00  0.000E+00 
  *********   2.420E-02  1.562E-02  1.488E-02  9.977E-03  2.634E-03  4.128E-04  0.000E+00  0.000E+00  0.000E+00 
  *********   1.287E-02  9.853E-03  3.492E-03  1.538E-03  3.669E-04  0.000E+00  0.000E+00  0.000E+00  0.000E+00 
  *********   1.901E-03  1.403E-03  3.954E-04  0.000E+00  0.000E+00  0.000E+00  0.000E+00  0.000E+00  0.000E+00 
