    0.000   10.803   32.409   54.015   75.621   97.227  118.833  140.439  162.045  183.651
  10.803   9.836E-03  1.507E-02  2.432E-02  2.266E-02  3.151E-02  2.348E-02  1.179E-02  1.007E-02  6.601E-04 
  32.409   1.507E-02  2.055E-02  1.843E-02  2.801E-02  2.608E-02  2.949E-02  1.625E-02  9.060E-03  5.187E-04 
  54.015   2.432E-02  1.843E-02  1.324E-02  2.207E-02  3.183E-02  2.488E-02  1.922E-02  1.630E-03  1.203E-04 
  75.621   2.266E-02  2.801E-02  2.207E-02  3.003E-02  2.560E-02  2.206E-02  1.426E-02  8.746E-04  0.000E+00 
  97.227  3.151E-02  2.608E-02  3.183E-02  2.560E-02  2.844E-02  1.617E-02  1.619E-03  1.640E-04  0.000E+00 
  118.833  2.348E-02  2.949E-02  2.488E-02  2.206E-02  1.617E-02  1.699E-03  2.061E-04  0.000E+00  0.000E+00 
  140.439  1.179E-02  1.625E-02  1.922E-02  1.426E-02  1.619E-03  2.061E-04  0.000E+00  0.000E+00  0.000E+00 
  162.045  1.007E-02  9.060E-03  1.630E-03  8.746E-04  1.640E-04  0.000E+00  0.000E+00  0.000E+00  0.000E+00 
  183.651  6.601E-04  5.187E-04  1.203E-04  0.000E+00  0.000E+00  0.000E+00  0.000E+00  0.000E+00  0.000E+00 
