    0.000   15.000   30.000   45.000   60.000   75.000   90.000  105.000  120.000  135.000  150.000  165.000
     15.000   8.666E-04  7.814E-04  7.682E-04  8.257E-04  9.758E-04  1.268E-03  1.517E-03  1.536E-03  9.929E-04  1.600E-04  8.106E-06 
     30.000   2.515E-03  2.427E-03  2.422E-03  2.590E-03  2.978E-03  3.587E-03  4.296E-03  4.645E-03  3.061E-03  4.926E-04  2.490E-05 
     45.000   4.679E-03  4.521E-03  4.461E-03  4.734E-03  5.410E-03  6.389E-03  7.576E-03  8.219E-03  5.400E-03  8.655E-04  4.345E-05 
     60.000   8.147E-03  7.562E-03  7.158E-03  7.531E-03  8.782E-03  1.052E-02  1.221E-02  1.273E-02  8.138E-03  1.286E-03  6.377E-05 
     75.000   1.429E-02  1.210E-02  1.062E-02  1.107E-02  1.361E-02  1.735E-02  1.947E-02  1.841E-02  1.100E-02  1.690E-03  8.197E-05 
     90.000   2.348E-02  1.773E-02  1.454E-02  1.498E-02  1.931E-02  2.687E-02  2.903E-02  2.358E-02  1.276E-02  1.872E-03  8.709E-05 
    105.000   2.862E-02  2.207E-02  1.841E-02  1.873E-02  2.316E-02  3.073E-02  3.161E-02  2.360E-02  1.085E-02  1.435E-03  7.400E-05 
    120.000   2.609E-02  2.275E-02  2.032E-02  2.046E-02  2.308E-02  2.609E-02  2.451E-02  1.628E-02  3.641E-03  4.579E-04  2.474E-05 
    135.000   1.550E-02  1.438E-02  1.339E-02  1.340E-02  1.425E-02  1.456E-02  1.161E-02  3.747E-03  7.012E-04  6.185E-05  3.067E-06 
    150.000   2.406E-03  2.271E-03  2.147E-03  2.142E-03  2.224E-03  2.173E-03  1.567E-03  4.813E-04  6.276E-05  3.137E-06  0.000E+00 
    165.000   1.322E-04  1.254E-04  1.190E-04  1.186E-04  1.217E-04  1.170E-04  9.200E-05  2.633E-05  2.181E-06  0.000E+00  0.000E+00 
