    0.000   15.000   30.000   45.000   60.000   75.000   90.000  105.000  120.000  135.000  150.000  165.000
     15.000   8.753E-04  5.517E-04  5.325E-04  5.723E-04  6.900E-04  1.282E-03  1.544E-03  1.321E-03  9.080E-04  8.601E-04  8.190E-05 
     30.000   1.766E-03  1.684E-03  1.680E-03  1.796E-03  2.067E-03  2.518E-03  3.049E-03  3.932E-03  2.800E-03  2.648E-03  2.518E-04 
     45.000   3.245E-03  3.136E-03  3.094E-03  3.284E-03  3.752E-03  4.428E-03  5.311E-03  6.954E-03  4.940E-03  4.649E-03  4.396E-04 
     60.000   5.641E-03  5.243E-03  4.965E-03  5.223E-03  6.089E-03  7.282E-03  8.543E-03  1.077E-02  7.439E-03  6.891E-03  6.450E-04 
     75.000   1.018E-02  8.406E-03  7.367E-03  7.676E-03  9.461E-03  1.235E-02  1.399E-02  1.559E-02  1.003E-02  9.026E-03  8.288E-04 
     90.000   2.434E-02  1.259E-02  1.007E-02  1.037E-02  1.372E-02  2.785E-02  3.027E-02  2.037E-02  1.157E-02  9.921E-03  8.792E-04 
    105.000   2.980E-02  1.583E-02  1.289E-02  1.312E-02  1.662E-02  3.201E-02  3.316E-02  2.057E-02  1.064E-02  7.724E-03  6.903E-04 
    120.000   2.253E-02  1.927E-02  1.719E-02  1.731E-02  1.955E-02  2.253E-02  2.136E-02  1.759E-02  1.731E-02  3.470E-03  2.927E-04 
    135.000   1.413E-02  1.314E-02  1.225E-02  1.226E-02  1.301E-02  1.322E-02  1.137E-02  1.780E-02  5.306E-03  6.961E-04  4.574E-05 
    150.000   1.288E-02  1.218E-02  1.154E-02  1.150E-02  1.191E-02  1.155E-02  8.450E-03  3.648E-03  7.071E-04  5.730E-05  2.952E-07 
    165.000   1.334E-03  1.267E-03  1.205E-03  1.200E-03  1.229E-03  1.174E-03  8.624E-04  3.225E-04  3.951E-05  0.000E+00  0.000E+00 
