    0.000   11.561   34.684   57.806   80.929  104.052  127.174  150.297  173.419  196.542
     11.561   2.095E-02  1.811E-02  2.207E-02  2.021E-02  2.090E-02  1.701E-02  2.095E-02  1.360E-02  3.214E-03 
     34.684   1.811E-02  2.152E-02  1.859E-02  2.174E-02  1.747E-02  1.983E-02  2.055E-02  1.302E-02  3.068E-03 
     57.806   2.206E-02  1.859E-02  2.165E-02  1.809E-02  1.991E-02  1.596E-02  1.787E-02  1.112E-02  2.568E-03 
     80.929   2.020E-02  2.173E-02  1.809E-02  2.064E-02  1.702E-02  1.830E-02  1.249E-02  7.363E-03  1.561E-03 
    104.052   2.090E-02  1.747E-02  1.991E-02  1.702E-02  1.996E-02  1.736E-02  1.187E-02  3.881E-03  4.374E-04 
    127.174   1.700E-02  1.982E-02  1.596E-02  1.830E-02  1.736E-02  1.634E-02  9.163E-03  1.888E-03  0.000E+00 
    150.297   2.094E-02  2.054E-02  1.787E-02  1.249E-02  1.187E-02  9.162E-03  3.661E-03  5.141E-04  0.000E+00 
    173.419   1.359E-02  1.301E-02  1.111E-02  7.360E-03  3.880E-03  1.888E-03  5.141E-04  0.000E+00  0.000E+00 
    196.542   3.211E-03  3.066E-03  2.566E-03  1.560E-03  4.372E-04  0.000E+00  0.000E+00  0.000E+00  0.000E+00 
