    0.000   10.803   32.409   54.015   75.621   97.227  118.833  140.439  162.045  183.651
  10.803   5.892E-02  4.936E-02  3.268E-02  3.424E-02  2.984E-02  1.639E-02  8.533E-03  6.985E-03  1.063E-03 
  32.409   4.936E-02  4.731E-02  3.607E-02  3.371E-02  2.455E-02  1.250E-02  8.609E-03  5.603E-03  7.797E-04 
  54.015   3.268E-02  3.607E-02  2.694E-02  2.596E-02  1.668E-02  1.219E-02  6.897E-03  1.685E-03  1.716E-04 
  75.621   3.424E-02  3.371E-02  2.596E-02  2.326E-02  1.683E-02  1.367E-02  7.205E-03  8.957E-04  0.000E+00 
  97.227  2.984E-02  2.455E-02  1.668E-02  1.683E-02  1.158E-02  8.939E-03  2.308E-03  2.210E-04  0.000E+00 
  118.833  1.639E-02  1.250E-02  1.219E-02  1.367E-02  8.939E-03  2.253E-03  2.992E-04  0.000E+00  0.000E+00 
  140.439  8.533E-03  8.609E-03  6.897E-03  7.205E-03  2.308E-03  2.992E-04  0.000E+00  0.000E+00  0.000E+00 
  162.045  6.985E-03  5.603E-03  1.685E-03  8.957E-04  2.210E-04  0.000E+00  0.000E+00  0.000E+00  0.000E+00 
  183.651  1.063E-03  7.797E-04  1.716E-04  0.000E+00  0.000E+00  0.000E+00  0.000E+00  0.000E+00  0.000E+00 
