    0.000   10.000   30.000   50.000   70.000   90.000  110.000  130.000  150.000  170.000
     20.000   1.956E-03  1.863E-03  1.402E-03  4.404E-04  0.000E+00  0.000E+00  0.000E+00  0.000E+00  0.000E+00 
     40.000   1.201E-02  1.174E-02  9.793E-03  3.449E-03  1.419E-03  3.645E-04  0.000E+00  0.000E+00  0.000E+00 
     60.000   1.751E-02  1.776E-02  1.726E-02  1.338E-02  8.512E-03  2.314E-03  4.170E-04  0.000E+00  0.000E+00 
     80.000   1.793E-02  1.956E-02  2.013E-02  1.702E-02  1.242E-02  8.248E-03  2.314E-03  3.645E-04  0.000E+00 
    100.000   1.600E-02  2.059E-02  2.235E-02  1.855E-02  1.220E-02  1.242E-02  8.512E-03  1.419E-03  0.000E+00 
    120.000   2.332E-02  2.502E-02  2.558E-02  2.267E-02  1.855E-02  1.702E-02  1.338E-02  3.449E-03  4.404E-04 
    140.000   2.763E-02  2.817E-02  2.795E-02  2.558E-02  2.235E-02  2.013E-02  1.726E-02  9.793E-03  1.402E-03 
    160.000   2.529E-02  2.735E-02  2.817E-02  2.502E-02  2.059E-02  1.956E-02  1.776E-02  1.174E-02  1.863E-03 
    170.000   1.971E-02  2.529E-02  2.763E-02  2.332E-02  1.600E-02  1.793E-02  1.751E-02  1.201E-02  1.956E-03 
