    0.000   10.000   30.000   50.000   70.000   90.000  110.000  130.000  150.000  170.000
     20.000   1.591E-02  1.508E-02  1.166E-02  5.633E-03  0.000E+00  0.000E+00  0.000E+00  0.000E+00  0.000E+00 
     40.000   1.118E-02  1.087E-02  1.022E-02  2.503E-02  1.210E-02  4.468E-03  0.000E+00  0.000E+00  0.000E+00 
     60.000   1.393E-02  1.415E-02  1.450E-02  1.255E-02  8.853E-03  1.677E-02  5.181E-03  0.000E+00  0.000E+00 
     80.000   1.407E-02  1.555E-02  1.605E-02  1.355E-02  1.025E-02  8.638E-03  1.677E-02  4.468E-03  0.000E+00 
    100.000   9.183E-03  1.616E-02  1.779E-02  1.459E-02  7.015E-03  1.025E-02  8.853E-03  1.210E-02  0.000E+00 
    120.000   1.833E-02  1.989E-02  2.035E-02  1.802E-02  1.459E-02  1.355E-02  1.255E-02  2.503E-02  5.633E-03 
    140.000   2.199E-02  2.242E-02  2.224E-02  2.035E-02  1.779E-02  1.605E-02  1.450E-02  1.022E-02  1.166E-02 
    160.000   1.985E-02  2.174E-02  2.242E-02  1.989E-02  1.616E-02  1.555E-02  1.415E-02  1.087E-02  1.508E-02 
    170.000   1.132E-02  1.985E-02  2.199E-02  1.833E-02  9.183E-03  1.407E-02  1.393E-02  1.118E-02  1.591E-02 
