    0.000   11.561   34.684   57.806   80.929  104.052  127.174  150.297  173.419  196.542
  *********   1.937E-02  1.959E-02  2.126E-02  2.120E-02  1.929E-02  1.788E-02  1.918E-02  1.535E-02  2.182E-03 
  *********   1.959E-02  1.984E-02  2.021E-02  2.094E-02  1.902E-02  1.816E-02  1.868E-02  1.468E-02  2.080E-03 
  *********   2.126E-02  2.020E-02  1.993E-02  1.972E-02  1.917E-02  1.686E-02  1.641E-02  1.248E-02  1.745E-03 
  *********   2.119E-02  2.093E-02  1.972E-02  1.989E-02  1.854E-02  1.682E-02  1.376E-02  8.245E-03  1.068E-03 
  *********   1.928E-02  1.902E-02  1.917E-02  1.854E-02  1.915E-02  1.789E-02  1.330E-02  2.677E-03  2.351E-04 
  *********   1.787E-02  1.815E-02  1.685E-02  1.682E-02  1.789E-02  1.838E-02  1.036E-02  1.298E-03  0.000E+00 
  *********   1.917E-02  1.867E-02  1.640E-02  1.375E-02  1.329E-02  1.036E-02  2.532E-03  2.706E-04  0.000E+00 
  *********   1.534E-02  1.467E-02  1.247E-02  8.241E-03  2.676E-03  1.297E-03  2.706E-04  0.000E+00  0.000E+00 
  *********   2.180E-03  2.078E-03  1.744E-03  1.068E-03  2.350E-04  0.000E+00  0.000E+00  0.000E+00  0.000E+00 
