Time(s) Avg. Tf 
----------------
 0.000   539.76 
 0.010   539.78 
 0.020   539.81 
 0.030   539.86 
 0.040   539.91 
 0.050   539.98 
 0.060   540.04 
 0.070   540.11 
 0.080   540.18 
 0.090   540.25 
 0.100   540.32 
 0.110   540.38 
 0.120   540.45 
 0.130   540.51 
 0.140   540.57 
 0.150   540.63 
 0.160   540.69 
 0.170   540.75 
 0.180   540.81 
 0.190   540.87 
 0.200   540.92 
 0.210   540.98 
 0.220   541.03 
 0.230   541.08 
 0.240   541.14 
 0.250   541.19 
 0.260   541.24 
 0.270   541.29 
 0.280   541.34 
 0.290   541.39 
 0.300   541.44 
 0.310   541.49 
 0.320   541.54 
 0.330   541.59 
 0.340   541.64 
 0.350   541.68 
 0.360   541.73 
 0.370   541.78 
 0.380   541.82 
 0.390   541.87 
 0.400   541.91 
 0.410   541.96 
 0.420   542.00 
 0.430   542.04 
 0.440   542.09 
 0.450   542.13 
 0.460   542.17 
 0.470   542.21 
 0.480   542.25 
 0.490   542.30 
 0.500   542.34 
 0.510   542.38 
 0.520   542.42 
 0.530   542.46 
 0.540   542.50 
 0.550   542.54 
 0.560   542.58 
 0.570   542.61 
 0.580   542.65 
 0.590   542.69 
 0.600   542.73 
 0.610   542.77 
 0.620   542.80 
 0.630   542.84 
 0.640   542.88 
 0.650   542.91 
 0.660   542.95 
 0.670   542.99 
 0.680   543.02 
 0.690   543.06 
 0.700   543.09 
 0.710   543.13 
 0.720   543.16 
 0.730   543.20 
 0.740   543.23 
 0.750   543.27 
 0.760   543.30 
 0.770   543.33 
 0.780   543.37 
 0.790   543.40 
 0.800   543.43 
 0.810   543.47 
 0.820   543.50 
 0.830   543.53 
 0.840   543.56 
 0.850   543.60 
 0.860   543.63 
 0.870   543.66 
 0.880   543.69 
 0.890   543.72 
 0.900   543.75 
 0.910   543.78 
 0.920   543.82 
 0.930   543.85 
 0.940   543.88 
 0.950   543.91 
 0.960   543.94 
 0.970   543.97 
 0.980   544.00 
 0.990   544.03 
 1.000   544.05 
 1.100   544.35 
 1.200   544.62 
 1.300   544.88 
 1.400   545.13 
 1.500   545.36 
 1.600   545.57 
 1.700   545.78 
 1.800   545.97 
 1.900   546.15 
 2.000   546.32 
 2.100   546.48 
 2.200   546.63 
 2.300   546.78 
 2.400   546.91 
 2.500   547.04 
 2.600   547.16 
 2.700   547.27 
 2.800   547.38 
 2.900   547.48 
 3.000   547.57 
 3.100   547.66 
 3.200   547.75 
 3.300   547.83 
 3.400   547.90 
 3.500   547.97 
 3.600   548.04 
 3.700   548.10 
 3.800   548.16 
 3.900   548.22 
 4.000   548.27 
 4.100   548.32 
 4.200   548.36 
 4.300   548.41 
 4.400   548.45 
 4.500   548.49 
 4.600   548.53 
 4.700   548.56 
 4.800   548.60 
 4.900   548.63 
 5.000   548.66 
