Time(s) Avg. Tf 
----------------
 0.000   539.99 
 0.010   540.00 
 0.020   540.04 
 0.030   540.08 
 0.040   540.14 
 0.050   540.21 
 0.060   540.27 
 0.070   540.34 
 0.080   540.42 
 0.090   540.48 
 0.100   540.55 
 0.110   540.62 
 0.120   540.68 
 0.130   540.75 
 0.140   540.81 
 0.150   540.87 
 0.160   540.93 
 0.170   540.99 
 0.180   541.05 
 0.190   541.10 
 0.200   541.16 
 0.210   541.22 
 0.220   541.27 
 0.230   541.33 
 0.240   541.38 
 0.250   541.43 
 0.260   541.49 
 0.270   541.54 
 0.280   541.59 
 0.290   541.64 
 0.300   541.69 
 0.310   541.74 
 0.320   541.79 
 0.330   541.84 
 0.340   541.88 
 0.350   541.93 
 0.360   541.98 
 0.370   542.03 
 0.380   542.07 
 0.390   542.12 
 0.400   542.16 
 0.410   542.21 
 0.420   542.25 
 0.430   542.29 
 0.440   542.34 
 0.450   542.38 
 0.460   542.42 
 0.470   542.47 
 0.480   542.51 
 0.490   542.55 
 0.500   542.59 
 0.510   542.63 
 0.520   542.67 
 0.530   542.71 
 0.540   542.75 
 0.550   542.79 
 0.560   542.83 
 0.570   542.87 
 0.580   542.91 
 0.590   542.95 
 0.600   542.99 
 0.610   543.02 
 0.620   543.06 
 0.630   543.10 
 0.640   543.14 
 0.650   543.17 
 0.660   543.21 
 0.670   543.25 
 0.680   543.28 
 0.690   543.32 
 0.700   543.35 
 0.710   543.39 
 0.720   543.42 
 0.730   543.46 
 0.740   543.49 
 0.750   543.53 
 0.760   543.56 
 0.770   543.60 
 0.780   543.63 
 0.790   543.66 
 0.800   543.70 
 0.810   543.73 
 0.820   543.76 
 0.830   543.80 
 0.840   543.83 
 0.850   543.86 
 0.860   543.89 
 0.870   543.92 
 0.880   543.96 
 0.890   543.99 
 0.900   544.02 
 0.910   544.05 
 0.920   544.08 
 0.930   544.11 
 0.940   544.14 
 0.950   544.17 
 0.960   544.20 
 0.970   544.23 
 0.980   544.26 
 0.990   544.29 
 1.000   544.32 
 1.100   544.62 
 1.200   544.90 
 1.300   545.16 
 1.400   545.41 
 1.500   545.64 
 1.600   545.86 
 1.700   546.06 
 1.800   546.25 
 1.900   546.43 
 2.000   546.61 
 2.100   546.77 
 2.200   546.92 
 2.300   547.07 
 2.400   547.20 
 2.500   547.33 
 2.600   547.45 
 2.700   547.57 
 2.800   547.67 
 2.900   547.77 
 3.000   547.87 
 3.100   547.96 
 3.200   548.04 
 3.300   548.13 
 3.400   548.20 
 3.500   548.27 
 3.600   548.34 
 3.700   548.40 
 3.800   548.46 
 3.900   548.52 
 4.000   548.57 
 4.100   548.63 
 4.200   548.67 
 4.300   548.72 
 4.400   548.76 
 4.500   548.80 
 4.600   548.84 
 4.700   548.87 
 4.800   548.91 
 4.900   548.94 
 5.000   548.97 
