    0.000    5.400   10.800   16.200   21.600   27.000   32.400   37.800   43.200   48.600   54.000   59.400   64.800   70.200   75.600   81.000   86.400   91.800   97.200   105.300
      5.400   4.627E-03  4.640E-03  4.682E-03  4.820E-03  5.257E-03  5.892E-03  5.784E-03  4.927E-03  4.366E-03  4.262E-03  3.830E-03  2.909E-03  2.418E-03  2.660E-03  3.540E-03  3.768E-03  3.268E-03  2.403E-03  1.121E-03 
     10.800   4.644E-03  4.665E-03  4.702E-03  4.771E-03  4.940E-03  5.152E-03  5.007E-03  4.495E-03  4.013E-03  3.579E-03  3.122E-03  2.580E-03  2.326E-03  2.616E-03  3.498E-03  3.726E-03  3.231E-03  2.375E-03  1.107E-03 
     16.200   4.691E-03  4.755E-03  4.828E-03  4.826E-03  4.748E-03  4.633E-03  4.443E-03  4.159E-03  3.759E-03  3.171E-03  2.690E-03  2.343E-03  2.224E-03  2.551E-03  3.425E-03  3.647E-03  3.160E-03  2.320E-03  1.081E-03 
     21.600   4.766E-03  4.977E-03  5.275E-03  5.232E-03  4.833E-03  4.471E-03  4.231E-03  4.069E-03  3.864E-03  3.320E-03  2.687E-03  2.269E-03  2.160E-03  2.492E-03  3.339E-03  3.543E-03  3.059E-03  2.241E-03  1.042E-03 
     27.000   4.804E-03  5.246E-03  5.929E-03  5.875E-03  5.050E-03  4.401E-03  4.106E-03  4.070E-03  4.169E-03  3.783E-03  2.863E-03  2.262E-03  2.143E-03  2.474E-03  3.275E-03  3.432E-03  2.937E-03  2.140E-03  9.921E-04 
     32.400   4.696E-03  5.141E-03  5.836E-03  5.780E-03  4.932E-03  4.243E-03  3.888E-03  3.804E-03  3.947E-03  3.636E-03  2.772E-03  2.233E-03  2.205E-03  2.613E-03  3.302E-03  3.332E-03  2.799E-03  2.020E-03  9.320E-04 
     37.800   4.448E-03  4.655E-03  4.963E-03  4.924E-03  4.485E-03  3.995E-03  3.537E-03  3.186E-03  3.087E-03  2.843E-03  2.413E-03  2.192E-03  2.378E-03  3.070E-03  3.441E-03  3.232E-03  2.643E-03  1.883E-03  8.630E-04 
     43.200   4.198E-03  4.206E-03  4.250E-03  4.290E-03  4.240E-03  3.887E-03  3.210E-03  2.725E-03  2.476E-03  2.309E-03  2.199E-03  2.264E-03  2.656E-03  3.352E-03  3.475E-03  3.090E-03  2.458E-03  1.728E-03  7.862E-04 
     48.600   4.098E-03  3.869E-03  3.755E-03  3.933E-03  4.247E-03  4.002E-03  3.113E-03  2.483E-03  2.233E-03  2.162E-03  2.260E-03  2.614E-03  3.256E-03  3.559E-03  3.382E-03  2.885E-03  2.243E-03  1.556E-03  7.035E-04 
     54.000   4.139E-03  3.507E-03  3.157E-03  3.343E-03  3.824E-03  3.671E-03  2.862E-03  2.316E-03  2.164E-03  2.260E-03  2.636E-03  3.308E-03  3.661E-03  3.575E-03  3.183E-03  2.624E-03  2.002E-03  1.375E-03  6.177E-04 
     59.400   3.761E-03  3.084E-03  2.680E-03  2.695E-03  2.880E-03  2.789E-03  2.423E-03  2.203E-03  2.262E-03  2.636E-03  3.336E-03  3.738E-03  3.710E-03  3.384E-03  2.890E-03  2.323E-03  1.746E-03  1.189E-03  5.317E-04 
     64.800   2.880E-03  2.563E-03  2.338E-03  2.271E-03  2.268E-03  2.239E-03  2.196E-03  2.267E-03  2.616E-03  3.308E-03  3.738E-03  3.759E-03  3.489E-03  3.050E-03  2.534E-03  2.001E-03  1.488E-03  1.007E-03  4.487E-04 
     70.200   2.410E-03  2.320E-03  2.222E-03  2.161E-03  2.146E-03  2.208E-03  2.381E-03  2.658E-03  3.257E-03  3.662E-03  3.710E-03  3.489E-03  3.104E-03  2.639E-03  2.152E-03  1.679E-03  1.239E-03  8.342E-04  3.708E-04 
     75.600   2.658E-03  2.615E-03  2.551E-03  2.493E-03  2.476E-03  2.615E-03  3.073E-03  3.354E-03  3.560E-03  3.576E-03  3.384E-03  3.050E-03  2.639E-03  2.201E-03  1.772E-03  1.372E-03  1.007E-03  6.758E-04  2.999E-04
     81.000   3.541E-03  3.500E-03  3.427E-03  3.341E-03  3.277E-03  3.305E-03  3.443E-03  3.477E-03  3.383E-03  3.184E-03  2.890E-03  2.534E-03  2.152E-03  1.772E-03  1.415E-03  1.089E-03  7.963E-04  5.337E-04  2.366E-04 
     86.400   3.770E-03  3.728E-03  3.649E-03  3.545E-03  3.434E-03  3.334E-03  3.234E-03  3.091E-03  2.887E-03  2.625E-03  2.324E-03  2.002E-03  1.679E-03  1.372E-03  1.089E-03  8.350E-04  6.094E-04  4.080E-04  1.808E-04 
     91.800   3.271E-03  3.233E-03  3.162E-03  3.061E-03  2.939E-03  2.801E-03  2.644E-03  2.460E-03  2.244E-03  2.002E-03  1.747E-03  1.488E-03  1.239E-03  1.007E-03  7.964E-04  6.095E-04  4.443E-04  2.973E-04  1.317E-04 
     97.200   2.405E-03  2.377E-03  2.322E-03  2.242E-03  2.141E-03  2.022E-03  1.884E-03  1.729E-03  1.557E-03  1.375E-03  1.189E-03  1.007E-03  8.344E-04  6.759E-04  5.337E-04  4.080E-04  2.973E-04  1.989E-04  8.810E-05 
     105.300  1.122E-03  1.108E-03  1.082E-03  1.043E-03  9.928E-04  9.326E-04  8.635E-04  7.866E-04  7.039E-04  6.179E-04  5.319E-04  4.488E-04  3.709E-04  3.000E-04  2.366E-04  1.808E-04  1.317E-04  8.811E-05  3.904E-05 
