     0.000    5.400   10.800   16.200   21.600   27.000   32.400   37.800   43.200   48.600   54.000   59.400   64.800   70.200   75.600   81.000   86.400   91.800   97.200   105.300
     5.400    6.916E-03  6.871E-03  6.781E-03  6.648E-03  6.468E-03  6.288E-03  6.123E-03  5.871E-03  5.520E-03  5.192E-03  4.905E-03  4.479E-03  3.915E-03  3.320E-03  2.624E-03  1.909E-03  1.322E-03  8.520E-04  3.857E-04 
     10.800   6.871E-03  6.826E-03  6.739E-03  6.614E-03  6.453E-03  6.275E-03  6.076E-03  5.823E-03  5.519E-03  5.195E-03  4.847E-03  4.406E-03  3.871E-03  3.284E-03  2.594E-03  1.886E-03  1.305E-03  8.406E-04  3.803E-04 
     16.200   6.783E-03  6.737E-03  6.652E-03  6.536E-03  6.391E-03  6.214E-03  6.000E-03  5.746E-03  5.459E-03  5.137E-03  4.765E-03  4.317E-03  3.791E-03  3.213E-03  2.534E-03  1.839E-03  1.270E-03  8.173E-04  3.696E-04
     21.600   6.658E-03  6.606E-03  6.514E-03  6.412E-03  6.287E-03  6.113E-03  5.891E-03  5.622E-03  5.325E-03  5.025E-03  4.666E-03  4.208E-03  3.679E-03  3.107E-03  2.442E-03  1.766E-03  1.217E-03  7.818E-04  3.532E-04 
     27.000   6.503E-03  6.448E-03  6.362E-03  6.282E-03  6.162E-03  5.978E-03  5.750E-03  5.457E-03  5.160E-03  4.910E-03  4.553E-03  4.064E-03  3.528E-03  2.961E-03  2.313E-03  1.664E-03  1.144E-03  7.339E-04  3.314E-04 
     32.400   6.322E-03  6.282E-03  6.227E-03  6.148E-03  6.000E-03  5.807E-03  5.583E-03  5.302E-03  5.030E-03  4.773E-03  4.379E-03  3.871E-03  3.338E-03  2.776E-03  2.138E-03  1.530E-03  1.051E-03  6.744E-04  3.046E-04
     37.800   6.106E-03  6.079E-03  6.028E-03  5.928E-03  5.769E-03  5.588E-03  5.380E-03  5.131E-03  4.856E-03  4.534E-03  4.113E-03  3.624E-03  3.109E-03  2.528E-03  1.905E-03  1.369E-03  9.420E-04  6.056E-04  2.739E-04
     43.200   5.844E-03  5.820E-03  5.757E-03  5.635E-03  5.467E-03  5.307E-03  5.133E-03  4.891E-03  4.588E-03  4.226E-03  3.804E-03  3.329E-03  2.823E-03  2.233E-03  1.659E-03  1.195E-03  8.243E-04  5.314E-04  2.409E-04 
     48.600   5.515E-03  5.519E-03  5.464E-03  5.332E-03  5.166E-03  5.034E-03  4.859E-03  4.589E-03  4.265E-03  3.888E-03  3.462E-03  3.002E-03  2.464E-03  1.900E-03  1.414E-03  1.018E-03  7.052E-04  4.562E-04  2.073E-04 
     54.000   5.194E-03  5.197E-03  5.141E-03  5.030E-03  4.914E-03  4.777E-03  4.536E-03  4.228E-03  3.888E-03  3.505E-03  3.089E-03  2.590E-03  2.053E-03  1.576E-03  1.175E-03  8.498E-04  5.907E-04  3.836E-04  1.749E-04 
     59.400   4.908E-03  4.850E-03  4.769E-03  4.669E-03  4.556E-03  4.381E-03  4.115E-03  3.805E-03  3.463E-03  3.089E-03  2.631E-03  2.125E-03  1.671E-03  1.281E-03  9.572E-04  6.951E-04  4.854E-04  3.165E-04  1.447E-04 
     64.800   4.482E-03  4.410E-03  4.321E-03  4.211E-03  4.066E-03  3.873E-03  3.625E-03  3.331E-03  3.003E-03  2.591E-03  2.126E-03  1.702E-03  1.333E-03  1.022E-03  7.657E-04  5.583E-04  3.916E-04  2.564E-04  1.176E-04
     70.200   3.918E-03  3.874E-03  3.794E-03  3.681E-03  3.530E-03  3.340E-03  3.110E-03  2.824E-03  2.465E-03  2.053E-03  1.671E-03  1.333E-03  1.043E-03  8.011E-04  6.021E-04  4.409E-04  3.106E-04  2.042E-04  9.394E-05 
     75.600   3.324E-03  3.287E-03  3.216E-03  3.109E-03  2.964E-03  2.777E-03  2.529E-03  2.234E-03  1.901E-03  1.576E-03  1.281E-03  1.022E-03  8.011E-04  6.167E-04  4.653E-04  3.422E-04  2.421E-04  1.597E-04  7.369E-05 
     81.000   2.626E-03  2.597E-03  2.536E-03  2.444E-03  2.315E-03  2.140E-03  1.906E-03  1.660E-03  1.414E-03  1.175E-03  9.574E-04  7.658E-04  6.022E-04  4.653E-04  3.525E-04  2.604E-04  1.850E-04  1.224E-04  5.664E-05 
     86.400   1.911E-03  1.888E-03  1.840E-03  1.767E-03  1.665E-03  1.531E-03  1.370E-03  1.195E-03  1.019E-03  8.501E-04  6.952E-04  5.584E-04  4.410E-04  3.422E-04  2.604E-04  1.931E-04  1.377E-04  9.143E-05  4.240E-05 
     91.800   1.323E-03  1.306E-03  1.271E-03  1.218E-03  1.144E-03  1.052E-03  9.425E-04  8.247E-04  7.055E-04  5.910E-04  4.855E-04  3.917E-04  3.107E-04  2.421E-04  1.850E-04  1.377E-04  9.853E-05  6.561E-05  3.048E-05 
     97.200   8.528E-04  8.413E-04  8.180E-04  7.825E-04  7.345E-04  6.748E-04  6.059E-04  5.317E-04  4.564E-04  3.838E-04  3.166E-04  2.565E-04  2.042E-04  1.597E-04  1.224E-04  9.144E-05  6.561E-05  4.378E-05  2.038E-05 
     105.300  3.861E-04  3.807E-04  3.699E-04  3.535E-04  3.316E-04  3.048E-04  2.740E-04  2.410E-04  2.074E-04  1.749E-04  1.448E-04  1.176E-04  9.396E-05  7.370E-05  5.665E-05  4.240E-05  3.049E-05  2.038E-05  9.496E-06 