    0.000    5.400   10.800   16.200   21.600   27.000   32.400   37.800   43.200   48.600   54.000   59.400   64.800   70.200   75.600   81.000   86.400   91.800   97.200   105.300
      5.400   5.912E-03  5.892E-03  5.864E-03  5.869E-03  6.048E-03  6.417E-03  6.265E-03  5.583E-03  5.171E-03  5.103E-03  4.708E-03  3.887E-03  3.302E-03  3.104E-03  3.157E-03  2.756E-03  2.101E-03  1.420E-03  6.199E-04 
     10.800   5.895E-03  5.880E-03  5.851E-03  5.821E-03  5.840E-03  5.888E-03  5.713E-03  5.309E-03  4.942E-03  4.616E-03  4.202E-03  3.658E-03  3.227E-03  3.061E-03  3.119E-03  2.723E-03  2.074E-03  1.402E-03  6.116E-04 
     16.200   5.870E-03  5.880E-03  5.875E-03  5.812E-03  5.694E-03  5.547E-03  5.348E-03  5.090E-03  4.769E-03  4.337E-03  3.900E-03  3.475E-03  3.128E-03  2.987E-03  3.047E-03  2.657E-03  2.021E-03  1.364E-03  5.949E-04 
     21.600   5.842E-03  5.942E-03  6.082E-03  6.004E-03  5.699E-03  5.412E-03  5.189E-03  5.010E-03  4.818E-03  4.401E-03  3.855E-03  3.377E-03  3.033E-03  2.895E-03  2.945E-03  2.560E-03  1.942E-03  1.309E-03  5.700E-04 
     27.000   5.783E-03  6.031E-03  6.480E-03  6.403E-03  5.777E-03  5.316E-03  5.067E-03  4.984E-03  5.044E-03  4.698E-03  3.908E-03  3.301E-03  2.944E-03  2.802E-03  2.826E-03  2.436E-03  1.838E-03  1.235E-03  5.369E-04 
     32.400   5.635E-03  5.888E-03  6.350E-03  6.274E-03  5.636E-03  5.157E-03  4.882E-03  4.777E-03  4.853E-03  4.538E-03  3.766E-03  3.183E-03  2.876E-03  2.770E-03  2.716E-03  2.289E-03  1.711E-03  1.145E-03  4.967E-04 
     37.800   5.401E-03  5.507E-03  5.667E-03  5.601E-03  5.282E-03  4.939E-03  4.614E-03  4.343E-03  4.187E-03  3.889E-03  3.416E-03  3.025E-03  2.842E-03  2.874E-03  2.616E-03  2.119E-03  1.563E-03  1.040E-03  4.504E-04 
     43.200   5.161E-03  5.150E-03  5.144E-03  5.133E-03  5.075E-03  4.819E-03  4.355E-03  3.972E-03  3.688E-03  3.411E-03  3.124E-03  2.899E-03  2.815E-03  2.800E-03  2.438E-03  1.919E-03  1.398E-03  9.261E-04  4.002E-04
     48.600   5.033E-03  4.870E-03  4.770E-03  4.855E-03  5.082E-03  4.879E-03  4.199E-03  3.692E-03  3.384E-03  3.146E-03  2.969E-03  2.899E-03  2.904E-03  2.645E-03  2.195E-03  1.694E-03  1.223E-03  8.071E-04  3.484E-04 
     54.000   5.049E-03  4.585E-03  4.333E-03  4.414E-03  4.717E-03  4.553E-03  3.897E-03  3.415E-03  3.147E-03  2.992E-03  2.961E-03  3.013E-03  2.800E-03  2.392E-03  1.918E-03  1.458E-03  1.046E-03  6.888E-04  2.971E-04 
     59.400   4.684E-03  4.189E-03  3.897E-03  3.860E-03  3.917E-03  3.774E-03  3.420E-03  3.127E-03  2.970E-03  2.962E-03  3.053E-03  2.885E-03  2.516E-03  2.071E-03  1.628E-03  1.225E-03  8.759E-04  5.761E-04  2.485E-04 
     64.800   3.879E-03  3.654E-03  3.475E-03  3.380E-03  3.305E-03  3.187E-03  3.027E-03  2.900E-03  2.900E-03  3.014E-03  2.885E-03  2.558E-03  2.148E-03  1.731E-03  1.345E-03  1.007E-03  7.185E-04  4.726E-04  2.039E-04 
     70.200   3.301E-03  3.226E-03  3.129E-03  3.035E-03  2.946E-03  2.878E-03  2.844E-03  2.817E-03  2.905E-03  2.800E-03  2.516E-03  2.148E-03  1.765E-03  1.405E-03  1.085E-03  8.099E-04  5.779E-04  3.804E-04  1.643E-04
     75.600   3.105E-03  3.062E-03  2.989E-03  2.898E-03  2.804E-03  2.771E-03  2.876E-03  2.802E-03  2.646E-03  2.393E-03  2.071E-03  1.731E-03  1.405E-03  1.110E-03  8.548E-04  6.380E-04  4.556E-04  3.003E-04  1.298E-04
     81.000   3.160E-03  3.122E-03  3.049E-03  2.947E-03  2.828E-03  2.717E-03  2.617E-03  2.439E-03  2.196E-03  1.919E-03  1.628E-03  1.345E-03  1.085E-03  8.549E-04  6.577E-04  4.912E-04  3.512E-04  2.319E-04  1.004E-04 
     86.400   2.759E-03  2.725E-03  2.659E-03  2.562E-03  2.438E-03  2.291E-03  2.121E-03  1.920E-03  1.694E-03  1.458E-03  1.225E-03  1.007E-03  8.101E-04  6.381E-04  4.912E-04  3.675E-04  2.632E-04  1.741E-04  7.548E-05 
     91.800   2.102E-03  2.076E-03  2.023E-03  1.944E-03  1.840E-03  1.712E-03  1.564E-03  1.399E-03  1.224E-03  1.047E-03  8.762E-04  7.187E-04  5.780E-04  4.556E-04  3.513E-04  2.632E-04  1.890E-04  1.252E-04  5.435E-05
     97.200   1.421E-03  1.403E-03  1.366E-03  1.310E-03  1.236E-03  1.145E-03  1.041E-03  9.266E-04  8.075E-04  6.891E-04  5.763E-04  4.727E-04  3.804E-04  3.003E-04  2.319E-04  1.741E-04  1.252E-04  8.304E-05  3.610E-05 
     105.300  6.205E-04  6.121E-04  5.954E-04  5.704E-04  5.373E-04  4.970E-04  4.507E-04  4.005E-04  3.485E-04  2.972E-04  2.486E-04  2.040E-04  1.643E-04  1.299E-04  1.004E-04  7.549E-05  5.435E-05  3.610E-05  1.571E-05 
