    0.000   10.803   32.409   54.015   75.621   97.227  118.833  140.439  162.045  183.651
  *********   2.151E-02  2.042E-02  2.763E-02  2.245E-02  2.832E-02  2.271E-02  2.014E-02  1.277E-02  8.211E-04 
  *********   2.042E-02  2.686E-02  2.344E-02  2.857E-02  2.321E-02  2.621E-02  1.644E-02  1.013E-02  6.123E-04 
  *********   2.763E-02  2.344E-02  2.877E-02  2.353E-02  2.716E-02  2.025E-02  1.594E-02  1.543E-03  1.347E-04 
  *********   2.245E-02  2.857E-02  2.353E-02  2.734E-02  2.071E-02  1.696E-02  1.125E-02  7.333E-04  0.000E+00 
  *********   2.832E-02  2.321E-02  2.716E-02  2.071E-02  2.194E-02  1.243E-02  1.297E-03  1.397E-04  0.000E+00 
  *********   2.271E-02  2.621E-02  2.025E-02  1.696E-02  1.243E-02  1.351E-03  1.724E-04  0.000E+00  0.000E+00 
  *********   2.014E-02  1.644E-02  1.594E-02  1.125E-02  1.297E-03  1.724E-04  0.000E+00  0.000E+00  0.000E+00 
  *********   1.277E-02  1.013E-02  1.543E-03  7.333E-04  1.397E-04  0.000E+00  0.000E+00  0.000E+00  0.000E+00 
  *********   8.211E-04  6.123E-04  1.347E-04  0.000E+00  0.000E+00  0.000E+00  0.000E+00  0.000E+00  0.000E+00 
