 Time(s) Avg. Tf 
-----------------
  0.000   537.40 
  0.010   537.41 
  0.020   537.44 
  0.030   537.47 
  0.040   537.51 
  0.050   537.56 
  0.060   537.61 
  0.070   537.66 
  0.080   537.71 
  0.090   537.77 
  0.100   537.82 
  0.110   537.86 
  0.120   537.91 
  0.130   537.96 
  0.140   538.01 
  0.150   538.05 
  0.160   538.10 
  0.170   538.14 
  0.180   538.18 
  0.190   538.23 
  0.200   538.27 
  0.210   538.31 
  0.220   538.35 
  0.230   538.40 
  0.240   538.44 
  0.250   538.48 
  0.260   538.52 
  0.270   538.56 
  0.280   538.60 
  0.290   538.64 
  0.300   538.67 
  0.310   538.71 
  0.320   538.75 
  0.330   538.79 
  0.340   538.83 
  0.350   538.86 
  0.360   538.90 
  0.370   538.94 
  0.380   538.97 
  0.390   539.01 
  0.400   539.05 
  0.410   539.08 
  0.420   539.12 
  0.430   539.15 
  0.440   539.19 
  0.450   539.22 
  0.460   539.25 
  0.470   539.29 
  0.480   539.32 
  0.490   539.36 
  0.500   539.39 
  0.510   539.42 
  0.520   539.46 
  0.530   539.49 
  0.540   539.52 
  0.550   539.55 
  0.560   539.58 
  0.570   539.62 
  0.580   539.65 
  0.590   539.68 
  0.600   539.71 
  0.610   539.74 
  0.620   539.77 
  0.630   539.80 
  0.640   539.83 
  0.650   539.87 
  0.660   539.90 
  0.670   539.93 
  0.680   539.96 
  0.690   539.99 
  0.700   540.01 
  0.710   540.04 
  0.720   540.07 
  0.730   540.10 
  0.740   540.13 
  0.750   540.16 
  0.760   540.19 
  0.770   540.22 
  0.780   540.25 
  0.790   540.27 
  0.800   540.30 
  0.810   540.33 
  0.820   540.36 
  0.830   540.39 
  0.840   540.41 
  0.850   540.44 
  0.860   540.47 
  0.870   540.50 
  0.880   540.52 
  0.890   540.55 
  0.900   540.58 
  0.910   540.60 
  0.920   540.63 
  0.930   540.66 
  0.940   540.68 
  0.950   540.71 
  0.960   540.74 
  0.970   540.76 
  0.980   540.79 
  0.990   540.81 
  1.000   540.84 
