Time(s) Avg. Tm  
-----------------
 0.000   302.49  
 0.010   302.49  
 0.020   302.49  
 0.030   302.49  
 0.040   302.49  
 0.050   302.49  
 0.060   302.50  
 0.070   302.50  
 0.080   302.50  
 0.090   302.50  
 0.100   302.50  
 0.110   302.50  
 0.120   302.50  
 0.130   302.50  
 0.140   302.50  
 0.150   302.50  
 0.160   302.51  
 0.170   302.51  
 0.180   302.51  
 0.190   302.51  
 0.200   302.51  
 0.210   302.51  
 0.220   302.52  
 0.230   302.52  
 0.240   302.52  
 0.250   302.52  
 0.260   302.52  
 0.270   302.53  
 0.280   302.53  
 0.290   302.53  
 0.300   302.53  
 0.310   302.54  
 0.320   302.54  
 0.330   302.54  
 0.340   302.54  
 0.350   302.55  
 0.360   302.55  
 0.370   302.55  
 0.380   302.55  
 0.390   302.56  
 0.400   302.56  
 0.410   302.56  
 0.420   302.56  
 0.430   302.56  
 0.440   302.57  
 0.450   302.57  
 0.460   302.57  
 0.470   302.57  
 0.480   302.58  
 0.490   302.58  
 0.500   302.58  
 0.510   302.58  
 0.520   302.59  
 0.530   302.59  
 0.540   302.59  
 0.550   302.59  
 0.560   302.60  
 0.570   302.60  
 0.580   302.60  
 0.590   302.60  
 0.600   302.60  
 0.610   302.61  
 0.620   302.61  
 0.630   302.61  
 0.640   302.61  
 0.650   302.61  
 0.660   302.62  
 0.670   302.62  
 0.680   302.62  
 0.690   302.62  
 0.700   302.62  
 0.710   302.63  
 0.720   302.63  
 0.730   302.63  
 0.740   302.63  
 0.750   302.63  
 0.760   302.63  
 0.770   302.64  
 0.780   302.64  
 0.790   302.64  
 0.800   302.64  
 0.810   302.64  
 0.820   302.64  
 0.830   302.65  
 0.840   302.65  
 0.850   302.65  
 0.860   302.65  
 0.870   302.65  
 0.880   302.65  
 0.890   302.65  
 0.900   302.66  
 0.910   302.66  
 0.920   302.66  
 0.930   302.66  
 0.940   302.66  
 0.950   302.66  
 0.960   302.66  
 0.970   302.67  
 0.980   302.67  
 0.990   302.67  
 1.000   302.67  
