    0.000    5.400   10.800   16.200   21.600   27.000   32.400   37.800   43.200   48.600   54.000   59.400   64.800
      0.000   7.606E-03  7.527E-03  7.372E-03  7.135E-03  6.798E-03  6.443E-03  6.191E-03  5.901E-03  5.451E-03  4.927E-03  4.623E-03  4.425E-03 
      0.000   7.527E-03  7.449E-03  7.299E-03  7.084E-03  6.805E-03  6.499E-03  6.211E-03  5.894E-03  5.520E-03  5.147E-03  4.819E-03  4.475E-03 
      0.000   7.373E-03  7.290E-03  7.141E-03  6.953E-03  6.730E-03  6.466E-03  6.166E-03  5.831E-03  5.492E-03  5.192E-03  4.871E-03  4.471E-03 
      0.000   7.155E-03  7.049E-03  6.872E-03  6.716E-03  6.562E-03  6.337E-03  6.036E-03  5.663E-03  5.279E-03  5.005E-03  4.752E-03  4.374E-03 
  *********   6.899E-03  6.767E-03  6.564E-03  6.443E-03  6.349E-03  6.154E-03  5.858E-03  5.435E-03  4.932E-03  4.668E-03  4.545E-03  4.207E-03 
      0.000   6.625E-03  6.518E-03  6.358E-03  6.243E-03  6.126E-03  5.938E-03  5.675E-03  5.292E-03  4.810E-03  4.532E-03  4.371E-03  4.005E-03 
      0.000   6.322E-03  6.258E-03  6.149E-03  6.009E-03  5.840E-03  5.669E-03  5.485E-03  5.229E-03  4.885E-03  4.556E-03  4.217E-03  3.766E-03 
      5.400   5.955E-03  5.929E-03  5.838E-03  5.657E-03  5.427E-03  5.288E-03  5.228E-03  5.068E-03  4.783E-03  4.417E-03  3.982E-03  3.461E-03 
     10.800   5.485E-03  5.546E-03  5.504E-03  5.282E-03  4.931E-03  4.809E-03  4.884E-03  4.783E-03  4.509E-03  4.117E-03  3.632E-03  3.065E-03 
     16.200   4.950E-03  5.167E-03  5.205E-03  5.012E-03  4.671E-03  4.533E-03  4.557E-03  4.418E-03  4.117E-03  3.694E-03  3.172E-03  2.534E-03 
     21.600   4.641E-03  4.835E-03  4.883E-03  4.760E-03  4.550E-03  4.374E-03  4.219E-03  3.983E-03  3.632E-03  3.172E-03  2.580E-03  1.988E-03 
     27.000   4.440E-03  4.488E-03  4.482E-03  4.382E-03  4.213E-03  4.009E-03  3.769E-03  3.462E-03  3.066E-03  2.534E-03  1.988E-03  1.529E-03 
     32.400   4.002E-03  3.996E-03  3.953E-03  3.851E-03  3.688E-03  3.469E-03  3.196E-03  2.851E-03  2.394E-03  1.912E-03  1.499E-03  1.160E-03 
     37.800   3.359E-03  3.338E-03  3.284E-03  3.183E-03  3.027E-03  2.802E-03  2.473E-03  2.125E-03  1.752E-03  1.406E-03  1.111E-03  8.655E-04 
     43.200   2.502E-03  2.480E-03  2.431E-03  2.346E-03  2.215E-03  2.024E-03  1.760E-03  1.497E-03  1.245E-03  1.012E-03  8.075E-04  6.341E-04 
     48.600   1.714E-03  1.696E-03  1.657E-03  1.592E-03  1.497E-03  1.366E-03  1.205E-03  1.034E-03  8.674E-04  7.119E-04  5.732E-04  4.537E-04 
     54.000   1.138E-03  1.125E-03  1.096E-03  1.050E-03  9.850E-04  9.002E-04  7.999E-04  6.922E-04  5.851E-04  4.841E-04  3.929E-04  3.134E-04 
     62.100   7.122E-04  7.031E-04  6.841E-04  6.545E-04  6.134E-04  5.615E-04  5.011E-04  4.362E-04  3.711E-04  3.091E-04  2.525E-04  2.027E-04 
     70.200   3.154E-04  3.111E-04  3.024E-04  2.891E-04  2.709E-04  2.483E-04  2.222E-04  1.943E-04  1.661E-04  1.390E-04  1.141E-04  9.202E-05 
    0.000    0.000    0.000    0.000    0.000    0.000    0.000*********
      0.000   3.990E-03  3.350E-03  2.495E-03  1.710E-03  1.135E-03  7.105E-04  3.146E-04 
      0.000   3.985E-03  3.329E-03  2.474E-03  1.692E-03  1.122E-03  7.014E-04  3.104E-04 
      0.000   3.944E-03  3.276E-03  2.425E-03  1.653E-03  1.093E-03  6.826E-04  3.018E-04 
      0.000   3.844E-03  3.177E-03  2.341E-03  1.589E-03  1.048E-03  6.531E-04  2.885E-04 
  *********   3.682E-03  3.022E-03  2.211E-03  1.494E-03  9.832E-04  6.123E-04  2.704E-04 
      0.000   3.465E-03  2.798E-03  2.021E-03  1.364E-03  8.988E-04  5.606E-04  2.479E-04 
      0.000   3.193E-03  2.470E-03  1.758E-03  1.204E-03  7.988E-04  5.004E-04  2.219E-04 
      5.400   2.849E-03  2.124E-03  1.495E-03  1.033E-03  6.914E-04  4.357E-04  1.940E-04 
     10.800   2.393E-03  1.751E-03  1.245E-03  8.667E-04  5.845E-04  3.707E-04  1.659E-04 
     16.200   1.912E-03  1.405E-03  1.012E-03  7.114E-04  4.837E-04  3.088E-04  1.389E-04 
     21.600   1.499E-03  1.111E-03  8.072E-04  5.728E-04  3.927E-04  2.523E-04  1.140E-04 
     27.000   1.160E-03  8.653E-04  6.339E-04  4.535E-04  3.132E-04  2.025E-04  9.196E-05 
     32.400   8.847E-04  6.645E-04  4.903E-04  3.535E-04  2.458E-04  1.598E-04  7.290E-05 
     37.800   6.646E-04  5.026E-04  3.735E-04  2.711E-04  1.897E-04  1.240E-04  5.678E-05 
     43.200   4.904E-04  3.735E-04  2.794E-04  2.041E-04  1.436E-04  9.432E-05  4.335E-05 
     48.600   3.536E-04  2.711E-04  2.041E-04  1.499E-04  1.061E-04  6.995E-05  3.225E-05 
     54.000   2.459E-04  1.897E-04  1.436E-04  1.061E-04  7.536E-05  4.988E-05  2.306E-05 
     62.100   1.599E-04  1.240E-04  9.434E-05  6.996E-05  4.988E-05  3.311E-05  1.534E-05 
     70.200   7.293E-05  5.680E-05  4.336E-05  3.225E-05  2.306E-05  1.534E-05  7.117E-06 
