    0.000    5.400   10.800   16.200   21.600   27.000   32.400   37.800   43.200   48.600   54.000   59.400   64.800
      0.000   8.377E-03  8.285E-03  8.101E-03  7.815E-03  7.387E-03  6.881E-03  6.537E-03  6.198E-03  5.465E-03  4.345E-03  4.146E-03  4.687E-03 
      0.000   8.285E-03  8.192E-03  8.015E-03  7.758E-03  7.416E-03  7.024E-03  6.662E-03  6.281E-03  5.801E-03  5.352E-03  5.116E-03  5.008E-03 
      0.000   8.102E-03  8.000E-03  7.821E-03  7.600E-03  7.340E-03  7.026E-03  6.657E-03  6.239E-03  5.872E-03  5.703E-03  5.512E-03  5.175E-03 
      0.000   7.842E-03  7.702E-03  7.474E-03  7.288E-03  7.130E-03  6.877E-03  6.485E-03  5.926E-03  5.358E-03  5.244E-03  5.312E-03  5.078E-03 
  *********   7.535E-03  7.347E-03  7.031E-03  6.877E-03  6.843E-03  6.654E-03  6.249E-03  5.474E-03  4.325E-03  4.178E-03  4.847E-03  4.833E-03 
      0.000   7.213E-03  7.045E-03  6.762E-03  6.608E-03  6.558E-03  6.401E-03  6.081E-03  5.397E-03  4.275E-03  4.071E-03  4.652E-03  4.569E-03 
      0.000   6.847E-03  6.754E-03  6.575E-03  6.369E-03  6.181E-03  6.060E-03  5.971E-03  5.720E-03  5.198E-03  4.869E-03  4.718E-03  4.287E-03 
      5.400   6.348E-03  6.355E-03  6.235E-03  5.890E-03  5.444E-03  5.383E-03  5.716E-03  5.781E-03  5.511E-03  5.095E-03  4.579E-03  3.866E-03 
     10.800   5.534E-03  5.847E-03  5.887E-03  5.354E-03  4.319E-03  4.271E-03  5.196E-03  5.510E-03  5.295E-03  4.804E-03  4.105E-03  3.188E-03 
     16.200   4.375E-03  5.379E-03  5.719E-03  5.250E-03  4.180E-03  4.071E-03  4.869E-03  5.096E-03  4.804E-03  4.195E-03  3.324E-03  2.251E-03 
     21.600   4.164E-03  5.135E-03  5.527E-03  5.322E-03  4.852E-03  4.655E-03  4.720E-03  4.580E-03  4.106E-03  3.324E-03  2.300E-03  1.471E-03 
     27.000   4.704E-03  5.024E-03  5.189E-03  5.088E-03  4.840E-03  4.573E-03  4.290E-03  3.868E-03  3.189E-03  2.251E-03  1.471E-03  9.438E-04 
     32.400   4.493E-03  4.549E-03  4.556E-03  4.449E-03  4.231E-03  3.902E-03  3.453E-03  2.888E-03  2.093E-03  1.402E-03  9.210E-04  6.012E-04 
     37.800   3.558E-03  3.552E-03  3.511E-03  3.402E-03  3.201E-03  2.842E-03  2.243E-03  1.731E-03  1.239E-03  8.464E-04  5.696E-04  3.795E-04 
     43.200   2.134E-03  2.120E-03  2.082E-03  2.003E-03  1.862E-03  1.620E-03  1.272E-03  9.642E-04  7.091E-04  5.023E-04  3.476E-04  2.373E-04 
     48.600   1.136E-03  1.126E-03  1.099E-03  1.050E-03  9.681E-04  8.447E-04  6.900E-04  5.370E-04  4.038E-04  2.944E-04  2.096E-04  1.468E-04 
     54.000   6.022E-04  5.950E-04  5.787E-04  5.501E-04  5.056E-04  4.440E-04  3.705E-04  2.956E-04  2.275E-04  1.701E-04  1.242E-04  8.907E-05 
     62.100   3.108E-04  3.066E-04  2.973E-04  2.817E-04  2.588E-04  2.287E-04  1.936E-04  1.575E-04  1.237E-04  9.439E-05  7.039E-05  5.155E-05 
     70.200   1.115E-04  1.098E-04  1.063E-04  1.006E-04  9.247E-05  8.212E-05  7.024E-05  5.791E-05  4.620E-05  3.584E-05  2.717E-05  2.022E-05 
    0.000    0.000    0.000    0.000    0.000    0.000    0.000*********
      0.000   4.478E-03  3.547E-03  2.128E-03  1.133E-03  6.007E-04  3.100E-04  1.112E-04 
      0.000   4.536E-03  3.542E-03  2.114E-03  1.123E-03  5.935E-04  3.058E-04  1.096E-04 
      0.000   4.545E-03  3.502E-03  2.077E-03  1.097E-03  5.774E-04  2.966E-04  1.061E-04 
      0.000   4.440E-03  3.395E-03  1.999E-03  1.048E-03  5.489E-04  2.811E-04  1.004E-04 
  *********   4.224E-03  3.195E-03  1.858E-03  9.664E-04  5.046E-04  2.583E-04  9.230E-05 
      0.000   3.897E-03  2.838E-03  1.618E-03  8.434E-04  4.433E-04  2.283E-04  8.199E-05 
      0.000   3.450E-03  2.240E-03  1.270E-03  6.891E-04  3.700E-04  1.934E-04  7.014E-05 
      5.400   2.886E-03  1.730E-03  9.633E-04  5.364E-04  2.953E-04  1.573E-04  5.784E-05 
     10.800   2.092E-03  1.238E-03  7.085E-04  4.035E-04  2.273E-04  1.235E-04  4.615E-05 
     16.200   1.402E-03  8.460E-04  5.020E-04  2.942E-04  1.699E-04  9.431E-05  3.581E-05 
     21.600   9.208E-04  5.694E-04  3.475E-04  2.095E-04  1.241E-04  7.034E-05  2.715E-05 
     27.000   6.011E-04  3.794E-04  2.372E-04  1.467E-04  8.903E-05  5.152E-05  2.021E-05 
     32.400   3.898E-04  2.511E-04  1.606E-04  1.016E-04  6.308E-05  3.722E-05  1.482E-05 
     37.800   2.511E-04  1.652E-04  1.080E-04  6.986E-05  4.427E-05  2.659E-05  1.074E-05 
     43.200   1.606E-04  1.080E-04  7.210E-05  4.764E-05  3.077E-05  1.878E-05  7.681E-06 
     48.600   1.017E-04  6.987E-05  4.764E-05  3.210E-05  2.109E-05  1.306E-05  5.400E-06 
     54.000   6.311E-05  4.428E-05  3.078E-05  2.110E-05  1.408E-05  8.822E-06  3.682E-06 
     62.100   3.724E-05  2.660E-05  1.879E-05  1.306E-05  8.822E-06  5.584E-06  2.348E-06 
     70.200   1.483E-05  1.074E-05  7.683E-06  5.401E-06  3.682E-06  2.348E-06  9.941E-07 
