    0.000    5.400   10.800   16.200   21.600   27.000   32.400   37.800   43.200   48.600   54.000   59.400   64.800
      0.000   8.412E-03  8.320E-03  8.135E-03  7.842E-03  7.387E-03  6.853E-03  6.547E-03  6.233E-03  5.400E-03  3.986E-03  3.818E-03  4.654E-03 
      0.000   8.320E-03  8.227E-03  8.048E-03  7.789E-03  7.438E-03  7.041E-03  6.695E-03  6.323E-03  5.812E-03  5.309E-03  5.074E-03  5.025E-03 
      0.000   8.136E-03  8.030E-03  7.849E-03  7.629E-03  7.374E-03  7.067E-03  6.703E-03  6.282E-03  5.906E-03  5.742E-03  5.547E-03  5.212E-03 
      0.000   7.873E-03  7.720E-03  7.473E-03  7.294E-03  7.161E-03  6.922E-03  6.529E-03  5.930E-03  5.293E-03  5.196E-03  5.323E-03  5.112E-03 
  *********   7.567E-03  7.352E-03  6.997E-03  6.860E-03  6.872E-03  6.699E-03  6.283E-03  5.402E-03  3.957E-03  3.837E-03  4.798E-03  4.866E-03 
      0.000   7.251E-03  7.064E-03  6.758E-03  6.621E-03  6.597E-03  6.447E-03  6.112E-03  5.326E-03  3.915E-03  3.742E-03  4.608E-03  4.609E-03 
      0.000   6.894E-03  6.796E-03  6.615E-03  6.408E-03  6.214E-03  6.092E-03  6.005E-03  5.728E-03  5.141E-03  4.819E-03  4.732E-03  4.342E-03 
      5.400   6.385E-03  6.399E-03  6.278E-03  5.895E-03  5.373E-03  5.313E-03  5.725E-03  5.812E-03  5.533E-03  5.121E-03  4.624E-03  3.935E-03 
     10.800   5.466E-03  5.856E-03  5.920E-03  5.290E-03  3.952E-03  3.912E-03  5.140E-03  5.532E-03  5.322E-03  4.843E-03  4.166E-03  3.261E-03 
     16.200   4.011E-03  5.334E-03  5.758E-03  5.202E-03  3.839E-03  3.743E-03  4.819E-03  5.121E-03  4.843E-03  4.253E-03  3.392E-03  2.286E-03 
     21.600   3.834E-03  5.092E-03  5.562E-03  5.332E-03  4.804E-03  4.611E-03  4.734E-03  4.625E-03  4.167E-03  3.393E-03  2.333E-03  1.474E-03 
     27.000   4.670E-03  5.041E-03  5.226E-03  5.122E-03  4.873E-03  4.614E-03  4.345E-03  3.937E-03  3.262E-03  2.286E-03  1.474E-03  9.359E-04 
     32.400   4.551E-03  4.607E-03  4.610E-03  4.502E-03  4.288E-03  3.969E-03  3.527E-03  2.964E-03  2.131E-03  1.407E-03  9.139E-04  5.933E-04 
     37.800   3.638E-03  3.630E-03  3.585E-03  3.475E-03  3.277E-03  2.917E-03  2.285E-03  1.756E-03  1.244E-03  8.409E-04  5.627E-04  3.745E-04 
     43.200   2.161E-03  2.146E-03  2.107E-03  2.028E-03  1.889E-03  1.643E-03  1.278E-03  9.614E-04  7.037E-04  4.966E-04  3.435E-04  2.352E-04 
     48.600   1.129E-03  1.119E-03  1.093E-03  1.044E-03  9.639E-04  8.408E-04  6.848E-04  5.313E-04  3.991E-04  2.912E-04  2.080E-04  1.466E-04 
     54.000   5.934E-04  5.864E-04  5.704E-04  5.426E-04  4.991E-04  4.387E-04  3.661E-04  2.923E-04  2.255E-04  1.692E-04  1.243E-04  8.999E-05 
     62.100   3.067E-04  3.025E-04  2.934E-04  2.783E-04  2.560E-04  2.266E-04  1.922E-04  1.568E-04  1.237E-04  9.502E-05  7.146E-05  5.288E-05 
     70.200   1.133E-04  1.116E-04  1.081E-04  1.024E-04  9.428E-05  8.393E-05  7.203E-05  5.967E-05  4.791E-05  3.747E-05  2.869E-05  2.160E-05 
    0.000    0.000    0.000    0.000    0.000    0.000    0.000*********
      0.000   4.537E-03  3.628E-03  2.154E-03  1.126E-03  5.919E-04  3.059E-04  1.130E-04 
      0.000   4.594E-03  3.620E-03  2.140E-03  1.116E-03  5.849E-04  3.017E-04  1.114E-04 
      0.000   4.599E-03  3.576E-03  2.102E-03  1.090E-03  5.691E-04  2.928E-04  1.079E-04 
      0.000   4.493E-03  3.468E-03  2.024E-03  1.042E-03  5.414E-04  2.777E-04  1.022E-04 
  *********   4.281E-03  3.271E-03  1.885E-03  9.621E-04  4.982E-04  2.555E-04  9.410E-05 
      0.000   3.964E-03  2.913E-03  1.641E-03  8.395E-04  4.380E-04  2.262E-04  8.379E-05 
      0.000   3.524E-03  2.282E-03  1.277E-03  6.839E-04  3.656E-04  1.919E-04  7.192E-05 
      5.400   2.963E-03  1.755E-03  9.605E-04  5.308E-04  2.919E-04  1.566E-04  5.959E-05 
     10.800   2.130E-03  1.243E-03  7.031E-04  3.987E-04  2.252E-04  1.236E-04  4.786E-05 
     16.200   1.406E-03  8.405E-04  4.963E-04  2.910E-04  1.691E-04  9.494E-05  3.744E-05 
     21.600   9.137E-04  5.625E-04  3.433E-04  2.079E-04  1.242E-04  7.141E-05  2.867E-05 
     27.000   5.933E-04  3.744E-04  2.351E-04  1.465E-04  8.994E-05  5.285E-05  2.159E-05 
     32.400   3.845E-04  2.486E-04  1.602E-04  1.025E-04  6.444E-05  3.865E-05  1.604E-05 
     37.800   2.486E-04  1.647E-04  1.087E-04  7.125E-05  4.580E-05  2.797E-05  1.177E-05 
     43.200   1.602E-04  1.088E-04  7.350E-05  4.923E-05  3.227E-05  2.003E-05  8.538E-06 
     48.600   1.025E-04  7.127E-05  4.924E-05  3.364E-05  2.244E-05  1.412E-05  6.084E-06 
     54.000   6.446E-05  4.581E-05  3.228E-05  2.244E-05  1.519E-05  9.670E-06  4.203E-06 
     62.100   3.866E-05  2.798E-05  2.004E-05  1.412E-05  9.670E-06  6.215E-06  2.721E-06 
     70.200   1.604E-05  1.178E-05  8.541E-06  6.085E-06  4.204E-06  2.721E-06  1.199E-06 
