    0.000    5.400   10.800   16.200   21.600   27.000   32.400   37.800   43.200   48.600   54.000   59.400   64.800
      0.000   7.336E-03  7.262E-03  7.116E-03  6.894E-03  6.582E-03  6.245E-03  6.000E-03  5.750E-03  5.387E-03  4.978E-03  4.655E-03  4.344E-03 
      0.000   7.262E-03  7.188E-03  7.047E-03  6.845E-03  6.584E-03  6.297E-03  6.027E-03  5.744E-03  5.415E-03  5.074E-03  4.733E-03  4.354E-03 
      0.000   7.117E-03  7.039E-03  6.899E-03  6.722E-03  6.512E-03  6.267E-03  5.993E-03  5.690E-03  5.375E-03  5.070E-03  4.731E-03  4.322E-03 
      0.000   6.912E-03  6.814E-03  6.649E-03  6.500E-03  6.353E-03  6.148E-03  5.880E-03  5.558E-03  5.220E-03  4.928E-03  4.623E-03  4.224E-03 
  *********   6.671E-03  6.549E-03  6.357E-03  6.237E-03  6.150E-03  5.977E-03  5.719E-03  5.375E-03  4.987E-03  4.702E-03  4.454E-03  4.072E-03 
      0.000   6.416E-03  6.312E-03  6.154E-03  6.041E-03  5.940E-03  5.775E-03  5.541E-03  5.224E-03  4.850E-03  4.556E-03  4.283E-03  3.883E-03 
      0.000   6.139E-03  6.075E-03  5.967E-03  5.839E-03  5.694E-03  5.533E-03  5.346E-03  5.101E-03  4.789E-03  4.460E-03  4.098E-03  3.656E-03 
      5.400   5.817E-03  5.782E-03  5.695E-03  5.546E-03  5.363E-03  5.218E-03  5.099E-03  4.905E-03  4.620E-03  4.267E-03  3.853E-03  3.374E-03 
     10.800   5.426E-03  5.443E-03  5.388E-03  5.221E-03  4.985E-03  4.848E-03  4.788E-03  4.620E-03  4.337E-03  3.967E-03  3.527E-03  3.028E-03 
     16.200   5.004E-03  5.095E-03  5.083E-03  4.934E-03  4.705E-03  4.556E-03  4.461E-03  4.267E-03  3.968E-03  3.582E-03  3.126E-03  2.587E-03 
     21.600   4.674E-03  4.750E-03  4.743E-03  4.631E-03  4.459E-03  4.285E-03  4.100E-03  3.854E-03  3.528E-03  3.127E-03  2.631E-03  2.117E-03 
     27.000   4.359E-03  4.367E-03  4.333E-03  4.232E-03  4.078E-03  3.887E-03  3.658E-03  3.376E-03  3.029E-03  2.588E-03  2.118E-03  1.694E-03 
     32.400   3.897E-03  3.880E-03  3.827E-03  3.726E-03  3.575E-03  3.378E-03  3.136E-03  2.835E-03  2.456E-03  2.042E-03  1.662E-03  1.329E-03 
     37.800   3.309E-03  3.284E-03  3.227E-03  3.129E-03  2.984E-03  2.787E-03  2.517E-03  2.216E-03  1.886E-03  1.566E-03  1.276E-03  1.022E-03 
     43.200   2.581E-03  2.557E-03  2.505E-03  2.419E-03  2.293E-03  2.118E-03  1.887E-03  1.645E-03  1.403E-03  1.170E-03  9.569E-04  7.686E-04 
     48.600   1.873E-03  1.853E-03  1.811E-03  1.743E-03  1.645E-03  1.515E-03  1.358E-03  1.188E-03  1.016E-03  8.508E-04  6.987E-04  5.636E-04 
     54.000   1.306E-03  1.291E-03  1.259E-03  1.208E-03  1.138E-03  1.048E-03  9.419E-04  8.268E-04  7.099E-04  5.970E-04  4.926E-04  3.991E-04 
     62.100   8.595E-04  8.486E-04  8.264E-04  7.920E-04  7.451E-04  6.864E-04  6.182E-04  5.443E-04  4.690E-04  3.960E-04  3.280E-04  2.668E-04 
     70.200   4.323E-04  4.266E-04  4.150E-04  3.974E-04  3.737E-04  3.444E-04  3.107E-04  2.743E-04  2.371E-04  2.008E-04  1.669E-04  1.363E-04 
    0.000    0.000    0.000    0.000    0.000    0.000    0.000*********
      0.000   3.886E-03  3.300E-03  2.574E-03  1.869E-03  1.303E-03  8.574E-04  4.313E-04 
      0.000   3.869E-03  3.276E-03  2.550E-03  1.849E-03  1.288E-03  8.466E-04  4.256E-04 
      0.000   3.818E-03  3.219E-03  2.499E-03  1.807E-03  1.256E-03  8.246E-04  4.141E-04 
      0.000   3.719E-03  3.123E-03  2.414E-03  1.739E-03  1.206E-03  7.904E-04  3.966E-04 
  *********   3.570E-03  2.979E-03  2.289E-03  1.642E-03  1.136E-03  7.438E-04  3.730E-04 
      0.000   3.374E-03  2.783E-03  2.115E-03  1.513E-03  1.046E-03  6.853E-04  3.438E-04 
      0.000   3.133E-03  2.514E-03  1.885E-03  1.356E-03  9.407E-04  6.173E-04  3.102E-04 
      5.400   2.833E-03  2.214E-03  1.643E-03  1.186E-03  8.258E-04  5.437E-04  2.739E-04 
     10.800   2.455E-03  1.885E-03  1.402E-03  1.015E-03  7.092E-04  4.686E-04  2.368E-04 
     16.200   2.042E-03  1.565E-03  1.169E-03  8.502E-04  5.966E-04  3.957E-04  2.006E-04 
     21.600   1.662E-03  1.276E-03  9.564E-04  6.984E-04  4.922E-04  3.278E-04  1.668E-04 
     27.000   1.328E-03  1.021E-03  7.684E-04  5.634E-04  3.989E-04  2.667E-04  1.362E-04 
     32.400   1.043E-03  8.038E-04  6.068E-04  4.468E-04  3.176E-04  2.132E-04  1.092E-04 
     37.800   8.039E-04  6.213E-04  4.708E-04  3.481E-04  2.485E-04  1.674E-04  8.604E-05 
     43.200   6.069E-04  4.709E-04  3.582E-04  2.659E-04  1.906E-04  1.288E-04  6.641E-05 
     48.600   4.469E-04  3.481E-04  2.659E-04  1.982E-04  1.426E-04  9.668E-05  4.998E-05 
     54.000   3.178E-04  2.486E-04  1.906E-04  1.426E-04  1.029E-04  6.999E-05  3.627E-05 
     62.100   2.133E-04  1.674E-04  1.289E-04  9.669E-05  6.999E-05  4.772E-05  2.478E-05 
     70.200   1.093E-04  8.607E-05  6.643E-05  4.999E-05  3.627E-05  2.479E-05  1.290E-05 
