    0.000   10.000   30.000   50.000   70.000   90.000  110.000  130.000  150.000  170.000
  -Infinity   1.131E-02  1.985E-02  2.200E-02  1.833E-02  9.180E-03  1.408E-02  1.395E-02  1.120E-02  1.588E-02 
  -Infinity   1.985E-02  2.174E-02  2.242E-02  1.990E-02  1.617E-02  1.556E-02  1.417E-02  1.089E-02  1.506E-02 
  -Infinity   2.200E-02  2.242E-02  2.225E-02  2.036E-02  1.780E-02  1.607E-02  1.453E-02  1.024E-02  1.163E-02 
  -Infinity   1.833E-02  1.990E-02  2.036E-02  1.803E-02  1.460E-02  1.356E-02  1.256E-02  2.499E-02  5.613E-03 
  -Infinity   9.179E-03  1.617E-02  1.780E-02  1.460E-02  7.015E-03  1.026E-02  8.857E-03  1.207E-02  0.000E+00 
  -Infinity   1.408E-02  1.556E-02  1.606E-02  1.356E-02  1.026E-02  8.639E-03  1.673E-02  4.451E-03  0.000E+00 
  -Infinity   1.395E-02  1.417E-02  1.452E-02  1.256E-02  8.856E-03  1.673E-02  5.158E-03  0.000E+00  0.000E+00 
  -Infinity   1.120E-02  1.089E-02  1.023E-02  2.499E-02  1.207E-02  4.450E-03  0.000E+00  0.000E+00  0.000E+00 
  -Infinity   1.588E-02  1.506E-02  1.163E-02  5.611E-03  0.000E+00  0.000E+00  0.000E+00  0.000E+00  0.000E+00 
