Time(s) Avg. Tf 
----------------
 0.000   286.00 
 0.005   286.00 
 0.010   286.00 
 0.015   286.00 
 0.020   286.00 
 0.025   286.00 
 0.030   286.00 
 0.035   286.00 
 0.040   286.00 
 0.045   286.00 
 0.050   286.00 
 0.055   286.00 
 0.060   286.00 
 0.065   286.00 
 0.070   286.00 
 0.075   286.00 
 0.080   286.00 
 0.085   286.00 
 0.090   286.00 
 0.095   286.00 
 0.100   286.00 
 0.105   286.00 
 0.110   286.00 
 0.115   286.00 
 0.120   286.00 
 0.125   286.00 
 0.130   286.00 
 0.135   286.00 
 0.140   286.00 
 0.145   286.00 
 0.150   286.00 
 0.155   286.00 
 0.160   286.00 
 0.165   286.00 
 0.170   286.00 
 0.175   286.00 
 0.180   286.00 
 0.185   286.00 
 0.190   286.00 
 0.195   286.00 
 0.200   286.00 
 0.205   286.00 
 0.210   286.00 
 0.215   286.00 
 0.220   286.00 
 0.225   286.01 
 0.230   286.01 
 0.235   286.01 
 0.240   286.01 
 0.245   286.01 
 0.250   286.01 
 0.255   286.01 
 0.260   286.02 
 0.265   286.02 
 0.270   286.02 
 0.275   286.03 
 0.280   286.03 
 0.285   286.04 
 0.290   286.05 
 0.295   286.05 
 0.300   286.06 
 0.305   286.08 
 0.310   286.09 
 0.315   286.11 
 0.320   286.12 
 0.325   286.15 
 0.330   286.17 
 0.335   286.20 
 0.340   286.24 
 0.345   286.28 
 0.350   286.33 
 0.355   286.39 
 0.360   286.46 
 0.365   286.53 
 0.370   286.63 
 0.375   286.74 
 0.380   286.86 
 0.385   287.01 
 0.390   287.19 
 0.395   287.39 
 0.400   287.62 
 0.405   287.89 
 0.410   288.21 
 0.415   288.57 
 0.420   288.98 
 0.425   289.45 
 0.430   289.99 
 0.435   290.59 
 0.440   291.26 
 0.445   292.01 
 0.450   292.84 
 0.455   293.74 
 0.460   294.72 
 0.465   295.76 
 0.470   296.87 
 0.475   298.03 
 0.480   299.23 
 0.485   300.45 
 0.490   301.69 
 0.495   302.91 
 0.500   304.12 
 0.505   305.29 
 0.510   306.41 
 0.515   307.48 
 0.520   308.48 
 0.525   309.42 
 0.530   310.28 
 0.535   311.08 
 0.540   311.81 
 0.545   312.47 
 0.550   313.08 
 0.555   313.63 
 0.560   314.14 
 0.565   314.60 
 0.570   315.03 
 0.575   315.42 
 0.580   315.78 
 0.585   316.12 
 0.590   316.43 
 0.595   316.73 
 0.600   317.00 
 0.605   317.27 
 0.610   317.52 
 0.615   317.75 
 0.620   317.98 
 0.625   318.20 
 0.630   318.41 
 0.635   318.62 
 0.640   318.81 
 0.645   319.00 
 0.650   319.19 
 0.655   319.37 
 0.660   319.55 
 0.665   319.72 
 0.670   319.89 
 0.675   320.05 
 0.680   320.21 
 0.685   320.37 
 0.690   320.53 
 0.695   320.68 
 0.700   320.83 
 0.705   320.97 
 0.710   321.11 
 0.715   321.26 
 0.720   321.39 
 0.725   321.53 
 0.730   321.66 
 0.735   321.79 
 0.740   321.92 
 0.745   322.05 
 0.750   322.18 
 0.755   322.30 
 0.760   322.42 
 0.765   322.55 
 0.770   322.67 
 0.775   322.78 
 0.780   322.90 
 0.785   323.01 
 0.790   323.13 
 0.795   323.24 
 0.800   323.35 
 0.805   323.46 
 0.810   323.57 
 0.815   323.68 
 0.820   323.78 
 0.825   323.89 
 0.830   324.00 
 0.835   324.10 
 0.840   324.20 
 0.845   324.30 
 0.850   324.40 
 0.855   324.50 
 0.860   324.60 
 0.865   324.70 
 0.870   324.80 
 0.875   324.90 
 0.880   324.99 
 0.885   325.09 
 0.890   325.19 
 0.895   325.28 
 0.900   325.37 
 0.905   325.47 
 0.910   325.56 
 0.915   325.65 
 0.920   325.74 
 0.925   325.83 
 0.930   325.92 
 0.935   326.01 
 0.940   326.10 
 0.945   326.19 
 0.950   326.28 
 0.955   326.37 
 0.960   326.45 
 0.965   326.54 
 0.970   326.63 
 0.975   326.71 
 0.980   326.80 
 0.985   326.88 
 0.990   326.97 
 0.995   327.05 
 1.000   327.14 
 1.050   327.97 
 1.100   328.77 
 1.150   329.52 
 1.200   330.24 
 1.250   330.93 
 1.300   331.59 
 1.350   332.22 
 1.400   332.83 
 1.450   333.41 
 1.500   333.97 
 1.550   334.51 
 1.600   335.04 
 1.650   335.54 
 1.700   336.02 
 1.750   336.49 
 1.800   336.95 
 1.850   337.39 
 1.900   337.81 
 1.950   338.22 
 2.000   338.62 
 2.050   339.00 
 2.100   339.37 
 2.150   339.73 
 2.200   340.08 
 2.250   340.42 
 2.300   340.75 
 2.350   341.07 
 2.400   341.38 
 2.450   341.69 
 2.500   341.98 
 2.550   342.27 
 2.600   342.55 
 2.650   342.82 
 2.700   343.09 
 2.750   343.34 
 2.800   343.60 
 2.850   343.84 
 2.900   344.08 
 2.950   344.32 
 3.000   344.54 
 3.050   344.77 
 3.100   344.99 
 3.150   345.20 
 3.200   345.41 
 3.250   345.61 
 3.300   345.81 
 3.350   346.01 
 3.400   346.20 
 3.450   346.39 
 3.500   346.58 
 3.550   346.76 
 3.600   346.94 
 3.650   347.11 
 3.700   347.28 
 3.750   347.45 
 3.800   347.61 
 3.850   347.78 
 3.900   347.94 
 3.950   348.09 
 4.000   348.25 
 4.050   348.40 
 4.100   348.55 
 4.150   348.70 
 4.200   348.84 
 4.250   348.98 
 4.300   349.12 
 4.350   349.26 
 4.400   349.40 
 4.450   349.53 
 4.500   349.67 
 4.550   349.80 
 4.600   349.93 
 4.650   350.06 
 4.700   350.18 
 4.750   350.31 
 4.800   350.43 
 4.850   350.55 
 4.900   350.67 
 4.950   350.79 
