Time(s) Avg. Tf
---------------
 0.000   286.00
 0.005   286.00
 0.010   286.00
 0.015   286.00
 0.020   286.00
 0.025   286.00
 0.030   286.00
 0.035   286.00
 0.040   286.00
 0.045   286.00
 0.050   286.00
 0.055   286.00
 0.060   286.00
 0.065   286.00
 0.070   286.00
 0.075   286.00
 0.080   286.00
 0.085   286.00
 0.090   286.00
 0.095   286.00
 0.100   286.00
 0.105   286.00
 0.110   286.00
 0.115   286.00
 0.120   286.00
 0.125   286.00
 0.130   286.00
 0.135   286.00
 0.140   286.00
 0.145   286.00
 0.150   286.00
 0.155   286.00
 0.160   286.00
 0.165   286.00
 0.170   286.00
 0.175   286.00
 0.180   286.00
 0.185   286.00
 0.190   286.00
 0.195   286.00
 0.200   286.00
 0.205   286.00
 0.210   286.00
 0.215   286.00
 0.220   286.00
 0.225   286.00
 0.230   286.01
 0.235   286.01
 0.240   286.01
 0.245   286.01
 0.250   286.01
 0.255   286.01
 0.260   286.01
 0.265   286.01
 0.270   286.02
 0.275   286.02
 0.280   286.02
 0.285   286.03
 0.290   286.03
 0.295   286.04
 0.300   286.04
 0.305   286.05
 0.310   286.06
 0.315   286.07
 0.320   286.08
 0.325   286.09
 0.330   286.11
 0.335   286.13
 0.340   286.15
 0.345   286.17
 0.350   286.20
 0.355   286.23
 0.360   286.27
 0.365   286.31
 0.370   286.36
 0.375   286.42
 0.380   286.49
 0.385   286.57
 0.390   286.66
 0.395   286.77
 0.400   286.89
 0.405   287.04
 0.410   287.20
 0.415   287.39
 0.420   287.61
 0.425   287.86
 0.430   288.14
 0.435   288.47
 0.440   288.83
 0.445   289.25
 0.450   289.71
 0.455   290.24
 0.460   290.82
 0.465   291.46
 0.470   292.17
 0.475   292.94
 0.480   293.77
 0.485   294.65
 0.490   295.60
 0.495   296.59
 0.500   297.62
 0.505   298.68
 0.510   299.76
 0.515   300.84
 0.520   301.91
 0.525   302.97
 0.530   304.00
 0.535   304.99
 0.540   305.94
 0.545   306.83
 0.550   307.67
 0.555   308.46
 0.560   309.19
 0.565   309.86
 0.570   310.49
 0.575   311.06
 0.580   311.59
 0.585   312.08
 0.590   312.53
 0.595   312.95
 0.600   313.34
 0.605   313.70
 0.610   314.03
 0.615   314.35
 0.620   314.65
 0.625   314.93
 0.630   315.20
 0.635   315.45
 0.640   315.70
 0.645   315.93
 0.650   316.15
 0.655   316.37
 0.660   316.58
 0.665   316.78
 0.670   316.98
 0.675   317.17
 0.680   317.36
 0.685   317.54
 0.690   317.72
 0.695   317.89
 0.700   318.06
 0.705   318.22
 0.710   318.39
 0.715   318.55
 0.720   318.70
 0.725   318.85
 0.730   319.00
 0.735   319.15
 0.740   319.30
 0.745   319.44
 0.750   319.58
 0.755   319.72
 0.760   319.85
 0.765   319.98
 0.770   320.12
 0.775   320.25
 0.780   320.37
 0.785   320.50
 0.790   320.62
 0.795   320.75
 0.800   320.87
 0.805   320.99
 0.810   321.11
 0.815   321.22
 0.820   321.34
 0.825   321.45
 0.830   321.57
 0.835   321.68
 0.840   321.79
 0.845   321.90
 0.850   322.01
 0.855   322.12
 0.860   322.22
 0.865   322.33
 0.870   322.43
 0.875   322.54
 0.880   322.64
 0.885   322.74
 0.890   322.84
 0.895   322.95
 0.900   323.04
 0.905   323.14
 0.910   323.24
 0.915   323.34
 0.920   323.44
 0.925   323.53
 0.930   323.63
 0.935   323.72
 0.940   323.82
 0.945   323.91
 0.950   324.01
 0.955   324.10
 0.960   324.19
 0.965   324.28
 0.970   324.37
 0.975   324.46
 0.980   324.55
 0.985   324.64
 0.990   324.73
 0.995   324.82
 1.000   324.91
 1.050   325.79
 1.100   326.63
 1.150   327.42
 1.200   328.18
 1.250   328.90
 1.300   329.60
 1.350   330.26
 1.400   330.89
 1.450   331.50
 1.500   332.09
 1.550   332.65
 1.600   333.20
 1.650   333.73
 1.700   334.23
 1.750   334.72
 1.800   335.20
 1.850   335.65
 1.900   336.10
 1.950   336.52
 2.000   336.94
 2.050   337.34
 2.100   337.73
 2.150   338.11
 2.200   338.47
 2.250   338.83
 2.300   339.17
 2.350   339.50
 2.400   339.83
 2.450   340.14
 2.500   340.45
 2.550   340.75
 2.600   341.04
 2.650   341.33
 2.700   341.60
 2.750   341.87
 2.800   342.13
 2.850   342.39
 2.900   342.64
 2.950   342.88
 3.000   343.12
 3.050   343.36
 3.100   343.58
 3.150   343.81
 3.200   344.02
 3.250   344.24
 3.300   344.44
 3.350   344.65
 3.400   344.85
 3.450   345.04
 3.500   345.24
 3.550   345.42
 3.600   345.61
 3.650   345.79
 3.700   345.97
 3.750   346.14
 3.800   346.31
 3.850   346.48
 3.900   346.65
 3.950   346.81
 4.000   346.97
 4.050   347.12
 4.100   347.28
 4.150   347.43
 4.200   347.58
 4.250   347.73
 4.300   347.87
 4.350   348.01
 4.400   348.16
 4.450   348.29
 4.500   348.43
 4.550   348.57
 4.600   348.70
 4.650   348.83
 4.700   348.96
 4.750   349.09
 4.800   349.21
 4.850   349.34
 4.900   349.46
 4.950   349.58
 5.000   349.70
