Time(s) Max. Tf
---------------
 0.000   286.00
 0.005   286.00
 0.010   286.00
 0.015   286.00
 0.020   286.00
 0.025   286.00
 0.030   286.00
 0.035   286.00
 0.040   286.00
 0.045   286.00
 0.050   286.00
 0.055   286.00
 0.060   286.00
 0.065   286.00
 0.070   286.00
 0.075   286.00
 0.080   286.00
 0.085   286.00
 0.090   286.00
 0.095   286.00
 0.100   286.00
 0.105   286.00
 0.110   286.00
 0.115   286.00
 0.120   286.00
 0.125   286.00
 0.130   286.00
 0.135   286.00
 0.140   286.00
 0.145   286.00
 0.150   286.00
 0.155   286.00
 0.160   286.00
 0.165   286.00
 0.170   286.00
 0.175   286.00
 0.180   286.00
 0.185   286.00
 0.190   286.00
 0.195   286.01
 0.200   286.01
 0.205   286.01
 0.210   286.01
 0.215   286.01
 0.220   286.01
 0.225   286.01
 0.230   286.01
 0.235   286.02
 0.240   286.02
 0.245   286.02
 0.250   286.03
 0.255   286.03
 0.260   286.04
 0.265   286.04
 0.270   286.05
 0.275   286.06
 0.280   286.07
 0.285   286.08
 0.290   286.09
 0.295   286.11
 0.300   286.12
 0.305   286.14
 0.310   286.17
 0.315   286.19
 0.320   286.23
 0.325   286.26
 0.330   286.31
 0.335   286.36
 0.340   286.42
 0.345   286.49
 0.350   286.57
 0.355   286.66
 0.360   286.77
 0.365   286.89
 0.370   287.04
 0.375   287.21
 0.380   287.40
 0.385   287.63
 0.390   287.90
 0.395   288.20
 0.400   288.56
 0.405   288.97
 0.410   289.44
 0.415   289.98
 0.420   290.60
 0.425   291.32
 0.430   292.14
 0.435   293.07
 0.440   294.12
 0.445   295.32
 0.450   296.66
 0.455   298.17
 0.460   299.86
 0.465   301.73
 0.470   303.78
 0.475   306.03
 0.480   308.46
 0.485   311.08
 0.490   313.87
 0.495   316.82
 0.500   319.91
 0.505   323.11
 0.510   326.38
 0.515   329.70
 0.520   333.03
 0.525   336.35
 0.530   339.62
 0.535   342.82
 0.540   345.92
 0.545   348.92
 0.550   351.78
 0.555   354.51
 0.560   357.09
 0.565   359.54
 0.570   361.86
 0.575   364.04
 0.580   366.10
 0.585   368.05
 0.590   369.89
 0.595   371.63
 0.600   373.29
 0.605   374.86
 0.610   376.36
 0.615   377.79
 0.620   379.16
 0.625   380.48
 0.630   381.75
 0.635   382.98
 0.640   384.17
 0.645   385.33
 0.650   386.45
 0.655   387.54
 0.660   388.61
 0.665   389.64
 0.670   390.66
 0.675   391.65
 0.680   392.63
 0.685   393.58
 0.690   394.52
 0.695   395.44
 0.700   396.34
 0.705   397.23
 0.710   398.10
 0.715   398.96
 0.720   399.81
 0.725   400.64
 0.730   401.46
 0.735   402.27
 0.740   403.07
 0.745   403.86
 0.750   404.64
 0.755   405.40
 0.760   406.16
 0.765   406.91
 0.770   407.65
 0.775   408.38
 0.780   409.10
 0.785   409.82
 0.790   410.53
 0.795   411.23
 0.800   411.92
 0.805   412.60
 0.810   413.28
 0.815   413.96
 0.820   414.62
 0.825   415.28
 0.830   415.94
 0.835   416.59
 0.840   417.23
 0.845   417.87
 0.850   418.50
 0.855   419.13
 0.860   419.76
 0.865   420.37
 0.870   420.99
 0.875   421.60
 0.880   422.20
 0.885   422.80
 0.890   423.40
 0.895   423.99
 0.900   424.58
 0.905   425.16
 0.910   425.74
 0.915   426.32
 0.920   426.89
 0.925   427.46
 0.930   428.03
 0.935   428.59
 0.940   429.15
 0.945   429.70
 0.950   430.26
 0.955   430.81
 0.960   431.36
 0.965   431.90
 0.970   432.44
 0.975   432.98
 0.980   433.52
 0.985   434.05
 0.990   434.58
 0.995   435.11
 1.000   435.63
 1.050   440.78
 1.100   445.73
 1.150   450.47
 1.200   455.03
 1.250   459.42
 1.300   463.64
 1.350   467.70
 1.400   471.61
 1.450   475.39
 1.500   479.03
 1.550   482.53
 1.600   485.92
 1.650   489.18
 1.700   492.33
 1.750   495.36
 1.800   498.29
 1.850   501.13
 1.900   503.87
 1.950   506.51
 2.000   509.07
 2.050   511.53
 2.100   513.93
 2.150   516.24
 2.200   518.48
 2.250   520.66
 2.300   522.76
 2.350   524.80
 2.400   526.78
 2.450   528.70
 2.500   530.56
 2.550   532.38
 2.600   534.14
 2.650   535.85
 2.700   537.52
 2.750   539.14
 2.800   540.72
 2.850   542.26
 2.900   543.76
 2.950   545.22
 3.000   546.64
 3.050   548.03
 3.100   549.39
 3.150   550.71
 3.200   552.01
 3.250   553.27
 3.300   554.51
 3.350   555.72
 3.400   556.90
 3.450   558.06
 3.500   559.19
 3.550   560.29
 3.600   561.38
 3.650   562.44
 3.700   563.48
 3.750   564.51
 3.800   565.51
 3.850   566.49
 3.900   567.46
 3.950   568.40
 4.000   569.33
 4.050   570.25
 4.100   571.15
 4.150   572.03
 4.200   572.90
 4.250   573.75
 4.300   574.59
 4.350   575.42
 4.400   576.23
 4.450   577.03
 4.500   577.82
 4.550   578.60
 4.600   579.37
 4.650   580.12
 4.700   580.87
 4.750   581.60
 4.800   582.32
 4.850   583.04
 4.900   583.74
 4.950   584.44
 5.000   585.13
