Time(s) Avg. Tm   
------------------
 0.000   286.00   
 0.005   286.00   
 0.010   286.00   
 0.015   286.00   
 0.020   286.00   
 0.025   286.00   
 0.030   286.00   
 0.035   286.00   
 0.040   286.00   
 0.045   286.00   
 0.050   286.00   
 0.055   286.00   
 0.060   286.00   
 0.065   286.00   
 0.070   286.00   
 0.075   286.00   
 0.080   286.00   
 0.085   286.00   
 0.090   286.00   
 0.095   286.00   
 0.100   286.00   
 0.105   286.00   
 0.110   286.00   
 0.115   286.00   
 0.120   286.00   
 0.125   286.00   
 0.130   286.00   
 0.135   286.00   
 0.140   286.00   
 0.145   286.00   
 0.150   286.00   
 0.155   286.00   
 0.160   286.00   
 0.165   286.00   
 0.170   286.00   
 0.175   286.00   
 0.180   286.00   
 0.185   286.00   
 0.190   286.00   
 0.195   286.00   
 0.200   286.00   
 0.205   286.00   
 0.210   286.00   
 0.215   286.00   
 0.220   286.00   
 0.225   286.00   
 0.230   286.00   
 0.235   286.00   
 0.240   286.00   
 0.245   286.00   
 0.250   286.00   
 0.255   286.00   
 0.260   286.00   
 0.265   286.00   
 0.270   286.00   
 0.275   286.00   
 0.280   286.00   
 0.285   286.00   
 0.290   286.00   
 0.295   286.00   
 0.300   286.00   
 0.305   286.00   
 0.310   286.00   
 0.315   286.00   
 0.320   286.00   
 0.325   286.00   
 0.330   286.00   
 0.335   286.00   
 0.340   286.00   
 0.345   286.00   
 0.350   286.00   
 0.355   286.00   
 0.360   286.00   
 0.365   286.00   
 0.370   286.00   
 0.375   286.00   
 0.380   286.00   
 0.385   286.01   
 0.390   286.01   
 0.395   286.01   
 0.400   286.01   
 0.405   286.01   
 0.410   286.01   
 0.415   286.01   
 0.420   286.02   
 0.425   286.02   
 0.430   286.02   
 0.435   286.02   
 0.440   286.03   
 0.445   286.03   
 0.450   286.04   
 0.455   286.04   
 0.460   286.05   
 0.465   286.06   
 0.470   286.06   
 0.475   286.07   
 0.480   286.08   
 0.485   286.09   
 0.490   286.11   
 0.495   286.12   
 0.500   286.13   
 0.505   286.15   
 0.510   286.16   
 0.515   286.18   
 0.520   286.20   
 0.525   286.22   
 0.530   286.24   
 0.535   286.26   
 0.540   286.28   
 0.545   286.31   
 0.550   286.33   
 0.555   286.35   
 0.560   286.38   
 0.565   286.41   
 0.570   286.43   
 0.575   286.46   
 0.580   286.49   
 0.585   286.52   
 0.590   286.55   
 0.595   286.58   
 0.600   286.61   
 0.605   286.64   
 0.610   286.67   
 0.615   286.70   
 0.620   286.73   
 0.625   286.76   
 0.630   286.79   
 0.635   286.83   
 0.640   286.86   
 0.645   286.89   
 0.650   286.92   
 0.655   286.96   
 0.660   286.99   
 0.665   287.02   
 0.670   287.05   
 0.675   287.09   
 0.680   287.12   
 0.685   287.15   
 0.690   287.18   
 0.695   287.22   
 0.700   287.25   
 0.705   287.28   
 0.710   287.31   
 0.715   287.34   
 0.720   287.38   
 0.725   287.41   
 0.730   287.44   
 0.735   287.47   
 0.740   287.50   
 0.745   287.53   
 0.750   287.56   
 0.755   287.59   
 0.760   287.62   
 0.765   287.65   
 0.770   287.68   
 0.775   287.71   
 0.780   287.74   
 0.785   287.77   
 0.790   287.80   
 0.795   287.83   
 0.800   287.86   
 0.805   287.89   
 0.810   287.92   
 0.815   287.94   
 0.820   287.97   
 0.825   288.00   
 0.830   288.03   
 0.835   288.05   
 0.840   288.08   
 0.845   288.11   
 0.850   288.13   
 0.855   288.16   
 0.860   288.18   
 0.865   288.21   
 0.870   288.23   
 0.875   288.26   
 0.880   288.28   
 0.885   288.31   
 0.890   288.33   
 0.895   288.36   
 0.900   288.38   
 0.905   288.40   
 0.910   288.42   
 0.915   288.45   
 0.920   288.47   
 0.925   288.49   
 0.930   288.51   
 0.935   288.53   
 0.940   288.56   
 0.945   288.58   
 0.950   288.60   
 0.955   288.62   
 0.960   288.64   
 0.965   288.66   
 0.970   288.68   
 0.975   288.70   
 0.980   288.72   
 0.985   288.73   
 0.990   288.75   
 0.995   288.77   
 1.000   288.79   
 1.050   288.94   
 1.100   289.06   
 1.150   289.17   
 1.200   289.25   
 1.250   289.32   
 1.300   289.38   
 1.350   289.43   
 1.400   289.47   
 1.450   289.51   
 1.500   289.54   
 1.550   289.57   
 1.600   289.59   
 1.650   289.62   
 1.700   289.64   
 1.750   289.66   
 1.800   289.69   
 1.850   289.71   
 1.900   289.73   
 1.950   289.75   
 2.000   289.77   
 2.050   289.79   
 2.100   289.81   
 2.150   289.83   
 2.200   289.85   
 2.250   289.86   
 2.300   289.88   
 2.350   289.90   
 2.400   289.92   
 2.450   289.93   
 2.500   289.95   
 2.550   289.97   
 2.600   289.98   
 2.650   290.00   
 2.700   290.02   
 2.750   290.03   
 2.800   290.05   
 2.850   290.06   
 2.900   290.07   
 2.950   290.09   
 3.000   290.10   
 3.050   290.12   
 3.100   290.13   
 3.150   290.14   
 3.200   290.16   
 3.250   290.17   
 3.300   290.18   
 3.350   290.19   
 3.400   290.21   
 3.450   290.22   
 3.500   290.23   
 3.550   290.24   
 3.600   290.25   
 3.650   290.26   
 3.700   290.27   
 3.750   290.29   
 3.800   290.30   
 3.850   290.31   
 3.900   290.32   
 3.950   290.33   
 4.000   290.34   
 4.050   290.35   
 4.100   290.36   
 4.150   290.37   
 4.200   290.38   
 4.250   290.39   
 4.300   290.39   
 4.350   290.40   
 4.400   290.41   
 4.450   290.42   
 4.500   290.43   
 4.550   290.44   
 4.600   290.45   
 4.650   290.46   
 4.700   290.47   
 4.750   290.47   
 4.800   290.48   
 4.850   290.49   
 4.900   290.50   
 4.950   290.51   
 5.000   290.51   

