Time(s)   Rel. Power  
----------------------
 0.000    1.0000E-06  
 0.005    1.0023E-06  
 0.010    1.0102E-06  
 0.015    1.0297E-06  
 0.020    1.0609E-06  
 0.025    1.1188E-06  
 0.030    1.2016E-06  
 0.035    1.3221E-06  
 0.040    1.5165E-06  
 0.045    1.7392E-06  
 0.050    2.0727E-06  
 0.055    2.4991E-06  
 0.060    3.0650E-06  
 0.065    3.8955E-06  
 0.070    4.8881E-06  
 0.075    6.2577E-06  
 0.080    8.0303E-06  
 0.085    1.0311E-05  
 0.090    1.3306E-05  
 0.095    1.6943E-05  
 0.100    2.1242E-05  
 0.105    2.6262E-05  
 0.110    3.2186E-05  
 0.115    3.9117E-05  
 0.120    4.7292E-05  
 0.125    5.6885E-05  
 0.130    6.8174E-05  
 0.135    8.1448E-05  
 0.140    9.7074E-05  
 0.145    1.1546E-04  
 0.150    1.3704E-04  
 0.155    1.6237E-04  
 0.160    1.9235E-04  
 0.165    2.2754E-04  
 0.170    2.6902E-04  
 0.175    3.1807E-04  
 0.180    3.7553E-04  
 0.185    4.4333E-04  
 0.190    5.2337E-04  
 0.195    6.1726E-04  
 0.200    7.2808E-04  
 0.205    8.5904E-04  
 0.210    1.0131E-03  
 0.215    1.1944E-03  
 0.220    1.4075E-03  
 0.225    1.6587E-03  
 0.230    1.9558E-03  
 0.235    2.3055E-03  
 0.240    2.7156E-03  
 0.245    3.2002E-03  
 0.250    3.7694E-03  
 0.255    4.4455E-03  
 0.260    5.2388E-03  
 0.265    6.1717E-03  
 0.270    7.2708E-03  
 0.275    8.5647E-03  
 0.280    1.0085E-02  
 0.285    1.1875E-02  
 0.290    1.3981E-02  
 0.295    1.6464E-02  
 0.300    1.9398E-02  
 0.305    2.2828E-02  
 0.310    2.6877E-02  
 0.315    3.1649E-02  
 0.320    3.7231E-02  
 0.325    4.3812E-02  
 0.330    5.1551E-02  
 0.335    6.0597E-02  
 0.340    7.1263E-02  
 0.345    8.3742E-02  
 0.350    9.8379E-02  
 0.355    1.1548E-01  
 0.360    1.3555E-01  
 0.365    1.5896E-01  
 0.370    1.8616E-01  
 0.375    2.1802E-01  
 0.380    2.5496E-01  
 0.385    2.9757E-01  
 0.390    3.4737E-01  
 0.395    4.0403E-01  
 0.400    4.6949E-01  
 0.405    5.4435E-01  
 0.410    6.2922E-01  
 0.415    7.2495E-01  
 0.420    8.3205E-01  
 0.425    9.5061E-01  
 0.430    1.0805E+00  
 0.435    1.2209E+00  
 0.440    1.3708E+00  
 0.445    1.5294E+00  
 0.450    1.6957E+00  
 0.455    1.8622E+00  
 0.460    2.0260E+00  
 0.465    2.1819E+00  
 0.470    2.3264E+00  
 0.475    2.4547E+00  
 0.480    2.5634E+00  
 0.485    2.6447E+00  
 0.490    2.6952E+00  
 0.495    2.7151E+00  
 0.500    2.7092E+00  
 0.505    2.6724E+00  
 0.510    2.6096E+00  
 0.515    2.5267E+00  
 0.520    2.4250E+00  
 0.525    2.3141E+00  
 0.530    2.1926E+00  
 0.535    2.0681E+00  
 0.540    1.9454E+00  
 0.545    1.8265E+00  
 0.550    1.7140E+00  
 0.555    1.6093E+00  
 0.560    1.5119E+00  
 0.565    1.4226E+00  
 0.570    1.3416E+00  
 0.575    1.2687E+00  
 0.580    1.2019E+00  
 0.585    1.1436E+00  
 0.590    1.0913E+00  
 0.595    1.0447E+00  
 0.600    1.0026E+00  
 0.605    9.6433E-01  
 0.610    9.3060E-01  
 0.615    8.9997E-01  
 0.620    8.7253E-01  
 0.625    8.4770E-01  
 0.630    8.2548E-01  
 0.635    8.0467E-01  
 0.640    7.8575E-01  
 0.645    7.6817E-01  
 0.650    7.5190E-01  
 0.655    7.3671E-01  
 0.660    7.2249E-01  
 0.665    7.0911E-01  
 0.670    6.9649E-01  
 0.675    6.8452E-01  
 0.680    6.7314E-01  
 0.685    6.6230E-01  
 0.690    6.5198E-01  
 0.695    6.4212E-01  
 0.700    6.3271E-01  
 0.705    6.2371E-01  
 0.710    6.1508E-01  
 0.715    6.0679E-01  
 0.720    5.9884E-01  
 0.725    5.9120E-01  
 0.730    5.8386E-01  
 0.735    5.7679E-01  
 0.740    5.6999E-01  
 0.745    5.6345E-01  
 0.750    5.5714E-01  
 0.755    5.5107E-01  
 0.760    5.4511E-01  
 0.765    5.3938E-01  
 0.770    5.3389E-01  
 0.775    5.2860E-01  
 0.780    5.2351E-01  
 0.785    5.1860E-01  
 0.790    5.1387E-01  
 0.795    5.0930E-01  
 0.800    5.0489E-01  
 0.805    5.0063E-01  
 0.810    4.9652E-01  
 0.815    4.9254E-01  
 0.820    4.8858E-01  
 0.825    4.8479E-01  
 0.830    4.8115E-01  
 0.835    4.7763E-01  
 0.840    4.7424E-01  
 0.845    4.7096E-01  
 0.850    4.6779E-01  
 0.855    4.6472E-01  
 0.860    4.6176E-01  
 0.865    4.5889E-01  
 0.870    4.5612E-01  
 0.875    4.5344E-01  
 0.880    4.5085E-01  
 0.885    4.4833E-01  
 0.890    4.4590E-01  
 0.895    4.4353E-01  
 0.900    4.4125E-01  
 0.905    4.3903E-01  
 0.910    4.3688E-01  
 0.915    4.3480E-01  
 0.920    4.3277E-01  
 0.925    4.3080E-01  
 0.930    4.2889E-01  
 0.935    4.2704E-01  
 0.940    4.2524E-01  
 0.945    4.2344E-01  
 0.950    4.2177E-01  
 0.955    4.2009E-01  
 0.960    4.1850E-01  
 0.965    4.1693E-01  
 0.970    4.1546E-01  
 0.975    4.1399E-01  
 0.980    4.1258E-01  
 0.985    4.1119E-01  
 0.990    4.0987E-01  
 0.995    4.0858E-01  
 1.000    4.0730E-01  
 1.050    4.0534E-01  
 1.100    3.9676E-01  
 1.150    3.8933E-01  
 1.200    3.8335E-01  
 1.250    3.7845E-01  
 1.300    3.7393E-01  
 1.350    3.7024E-01  
 1.400    3.6677E-01  
 1.450    3.6390E-01  
 1.500    3.6101E-01  
 1.550    3.5854E-01  
 1.600    3.5611E-01  
 1.650    3.5385E-01  
 1.700    3.5202E-01  
 1.750    3.4990E-01  
 1.800    3.4861E-01  
 1.850    3.4699E-01  
 1.900    3.4486E-01  
 1.950    3.4393E-01  
 2.000    3.4201E-01  
 2.050    3.4122E-01  
 2.100    3.3984E-01  
 2.150    3.3832E-01  
 2.200    3.3785E-01  
 2.250    3.3671E-01  
 2.300    3.3563E-01  
 2.350    3.3512E-01  
 2.400    3.3392E-01  
 2.450    3.3353E-01  
 2.500    3.3285E-01  
 2.550    3.3205E-01  
 2.600    3.3165E-01  
 2.650    3.3101E-01  
 2.700    3.3057E-01  
 2.750    3.3017E-01  
 2.800    3.2967E-01  
 2.850    3.2936E-01  
 2.900    3.2889E-01  
 2.950    3.2867E-01  
 3.000    3.2834E-01  
 3.050    3.2806E-01  
 3.100    3.2781E-01  
 3.150    3.2759E-01  
 3.200    3.2743E-01  
 3.250    3.2723E-01  
 3.300    3.2711E-01  
 3.350    3.2698E-01  
 3.400    3.2687E-01  
 3.450    3.2679E-01  
 3.500    3.2672E-01  
 3.550    3.2665E-01  
 3.600    3.2661E-01  
 3.650    3.2657E-01  
 3.700    3.2654E-01  
 3.750    3.2653E-01  
 3.800    3.2653E-01  
 3.850    3.2654E-01  
 3.900    3.2657E-01  
 3.950    3.2659E-01  
 4.000    3.2662E-01  
 4.050    3.2667E-01  
 4.100    3.2675E-01  
 4.150    3.2683E-01  
 4.200    3.2693E-01  
 4.250    3.2704E-01  
 4.300    3.2716E-01  
 4.350    3.2727E-01  
 4.400    3.2740E-01  
 4.450    3.2754E-01  
 4.500    3.2769E-01  
 4.550    3.2784E-01  
 4.600    3.2799E-01  
 4.650    3.2812E-01  
 4.700    3.2828E-01  
 4.750    3.2845E-01  
 4.800    3.2857E-01  
 4.850    3.2876E-01  
 4.900    3.2895E-01  
 4.950    3.2913E-01  
 5.000    3.2928E-01  
