Time(s)   Rel. Power 
---------------------
 0.000    1.0000E-06 
 0.005    1.0017E-06 
 0.010    1.0093E-06 
 0.015    1.0287E-06 
 0.020    1.0596E-06 
 0.025    1.1170E-06 
 0.030    1.1988E-06 
 0.035    1.3180E-06 
 0.040    1.5088E-06 
 0.045    1.7286E-06 
 0.050    2.0554E-06 
 0.055    2.4737E-06 
 0.060    3.0243E-06 
 0.065    3.8280E-06 
 0.070    4.7860E-06 
 0.075    6.0991E-06 
 0.080    7.7819E-06 
 0.085    9.9325E-06 
 0.090    1.2735E-05 
 0.095    1.6102E-05 
 0.100    2.0038E-05 
 0.105    2.4609E-05 
 0.110    2.9875E-05 
 0.115    3.5981E-05 
 0.120    4.3094E-05 
 0.125    5.1354E-05 
 0.130    6.0977E-05 
 0.135    7.2155E-05 
 0.140    8.5170E-05 
 0.145    1.0042E-04 
 0.150    1.1800E-04 
 0.155    1.3853E-04 
 0.160    1.6241E-04 
 0.165    1.9041E-04 
 0.170    2.2289E-04 
 0.175    2.6071E-04 
 0.180    3.0501E-04 
 0.185    3.5639E-04 
 0.190    4.1630E-04 
 0.195    4.8643E-04 
 0.200    5.6795E-04 
 0.205    6.6287E-04 
 0.210    7.7405E-04 
 0.215    9.0205E-04 
 0.220    1.0527E-03 
 0.225    1.2279E-03 
 0.230    1.4306E-03 
 0.235    1.6679E-03 
 0.240    1.9433E-03 
 0.245    2.2645E-03 
 0.250    2.6419E-03 
 0.255    3.0782E-03 
 0.260    3.5878E-03 
 0.265    4.1861E-03 
 0.270    4.8789E-03 
 0.275    5.6872E-03 
 0.280    6.6249E-03 
 0.285    7.7161E-03 
 0.290    8.9974E-03 
 0.295    1.0483E-02 
 0.300    1.2211E-02 
 0.305    1.4219E-02 
 0.310    1.6572E-02 
 0.315    1.9296E-02 
 0.320    2.2495E-02 
 0.325    2.6219E-02 
 0.330    3.0526E-02 
 0.335    3.5565E-02 
 0.340    4.1432E-02 
 0.345    4.8193E-02 
 0.350    5.6097E-02 
 0.355    6.5263E-02 
 0.360    7.5855E-02 
 0.365    8.8165E-02 
 0.370    1.0252E-01 
 0.375    1.1897E-01 
 0.380    1.3797E-01 
 0.385    1.6014E-01 
 0.390    1.8556E-01 
 0.395    2.1473E-01 
 0.400    2.4825E-01 
 0.405    2.8692E-01 
 0.410    3.3087E-01 
 0.415    3.8115E-01 
 0.420    4.3830E-01 
 0.425    5.0280E-01 
 0.430    5.7521E-01 
 0.435    6.5548E-01 
 0.440    7.4433E-01 
 0.445    8.4223E-01 
 0.450    9.4927E-01 
 0.455    1.0653E+00 
 0.460    1.1896E+00 
 0.465    1.3206E+00 
 0.470    1.4552E+00 
 0.475    1.5920E+00 
 0.480    1.7272E+00 
 0.485    1.8603E+00 
 0.490    1.9882E+00 
 0.495    2.1028E+00 
 0.500    2.2045E+00 
 0.505    2.2853E+00 
 0.510    2.3451E+00 
 0.515    2.3824E+00 
 0.520    2.3968E+00 
 0.525    2.3909E+00 
 0.530    2.3631E+00 
 0.535    2.3135E+00 
 0.540    2.2497E+00 
 0.545    2.1718E+00 
 0.550    2.0825E+00 
 0.555    1.9859E+00 
 0.560    1.8860E+00 
 0.565    1.7888E+00 
 0.570    1.6926E+00 
 0.575    1.5987E+00 
 0.580    1.5110E+00 
 0.585    1.4285E+00 
 0.590    1.3523E+00 
 0.595    1.2818E+00 
 0.600    1.2166E+00 
 0.605    1.1587E+00 
 0.610    1.1053E+00 
 0.615    1.0576E+00 
 0.620    1.0153E+00 
 0.625    9.7652E-01 
 0.630    9.4147E-01 
 0.635    9.1045E-01 
 0.640    8.8178E-01 
 0.645    8.5631E-01 
 0.650    8.3260E-01 
 0.655    8.1112E-01 
 0.660    7.9130E-01 
 0.665    7.7278E-01 
 0.670    7.5629E-01 
 0.675    7.4027E-01 
 0.680    7.2530E-01 
 0.685    7.1180E-01 
 0.690    6.9858E-01 
 0.695    6.8594E-01 
 0.700    6.7443E-01 
 0.705    6.6344E-01 
 0.710    6.5274E-01 
 0.715    6.4275E-01 
 0.720    6.3329E-01 
 0.725    6.2421E-01 
 0.730    6.1581E-01 
 0.735    6.0738E-01 
 0.740    5.9969E-01 
 0.745    5.9168E-01 
 0.750    5.8420E-01 
 0.755    5.7685E-01 
 0.760    5.7010E-01 
 0.765    5.6338E-01 
 0.770    5.5685E-01 
 0.775    5.5069E-01 
 0.780    5.4470E-01 
 0.785    5.3896E-01 
 0.790    5.3342E-01 
 0.795    5.2817E-01 
 0.800    5.2300E-01 
 0.805    5.1803E-01 
 0.810    5.1367E-01 
 0.815    5.0898E-01 
 0.820    5.0449E-01 
 0.825    5.0023E-01 
 0.830    4.9616E-01 
 0.835    4.9208E-01 
 0.840    4.8845E-01 
 0.845    4.8464E-01 
 0.850    4.8078E-01 
 0.855    4.7724E-01 
 0.860    4.7363E-01 
 0.865    4.7025E-01 
 0.870    4.6698E-01 
 0.875    4.6386E-01 
 0.880    4.6087E-01 
 0.885    4.5792E-01 
 0.890    4.5509E-01 
 0.895    4.5238E-01 
 0.900    4.4974E-01 
 0.905    4.4725E-01 
 0.910    4.4476E-01 
 0.915    4.4233E-01 
 0.920    4.3998E-01 
 0.925    4.3770E-01 
 0.930    4.3549E-01 
 0.935    4.3335E-01 
 0.940    4.3125E-01 
 0.945    4.2925E-01 
 0.950    4.2730E-01 
 0.955    4.2543E-01 
 0.960    4.2359E-01 
 0.965    4.2179E-01 
 0.970    4.2007E-01 
 0.975    4.1834E-01 
 0.980    4.1672E-01 
 0.985    4.1511E-01 
 0.990    4.1356E-01 
 0.995    4.1204E-01 
 1.000    4.1059E-01 
 1.050    4.0905E-01 
 1.100    3.9977E-01 
 1.150    3.9095E-01 
 1.200    3.8424E-01 
 1.250    3.7838E-01 
 1.300    3.7367E-01 
 1.350    3.6906E-01 
 1.400    3.6511E-01 
 1.450    3.6223E-01 
 1.500    3.5926E-01 
 1.550    3.5597E-01 
 1.600    3.5414E-01 
 1.650    3.5177E-01 
 1.700    3.4936E-01 
 1.750    3.4730E-01 
 1.800    3.4535E-01 
 1.850    3.4386E-01 
 1.900    3.4241E-01 
 1.950    3.4047E-01 
 2.000    3.3920E-01 
 2.050    3.3757E-01 
 2.100    3.3669E-01 
 2.150    3.3540E-01 
 2.200    3.3414E-01 
 2.250    3.3328E-01 
 2.300    3.3186E-01 
 2.350    3.3149E-01 
 2.400    3.3052E-01 
 2.450    3.2971E-01 
 2.500    3.2912E-01 
 2.550    3.2838E-01 
 2.600    3.2782E-01 
 2.650    3.2726E-01 
 2.700    3.2672E-01 
 2.750    3.2628E-01 
 2.800    3.2583E-01 
 2.850    3.2540E-01 
 2.900    3.2503E-01 
 2.950    3.2468E-01 
 3.000    3.2439E-01 
 3.050    3.2409E-01 
 3.100    3.2383E-01 
 3.150    3.2359E-01 
 3.200    3.2337E-01 
 3.250    3.2317E-01 
 3.300    3.2300E-01 
 3.350    3.2285E-01 
 3.400    3.2271E-01 
 3.450    3.2259E-01 
 3.500    3.2250E-01 
 3.550    3.2226E-01 
 3.600    3.2225E-01 
 3.650    3.2223E-01 
 3.700    3.2221E-01 
 3.750    3.2219E-01 
 3.800    3.2219E-01 
 3.850    3.2219E-01 
 3.900    3.2220E-01 
 3.950    3.2221E-01 
 4.000    3.2223E-01 
 4.050    3.2226E-01 
 4.100    3.2230E-01 
 4.150    3.2239E-01 
 4.200    3.2249E-01 
 4.250    3.2258E-01 
 4.300    3.2269E-01 
 4.350    3.2277E-01 
 4.400    3.2288E-01 
 4.450    3.2302E-01 
 4.500    3.2314E-01 
 4.550    3.2329E-01 
 4.600    3.2341E-01 
 4.650    3.2354E-01 
 4.700    3.2368E-01 
 4.750    3.2382E-01 
 4.800    3.2398E-01 
 4.850    3.2414E-01 
 4.900    3.2430E-01 
 4.950    3.2447E-01 
 5.000    3.2464E-01 
