    0.000   10.803   32.409   54.015   75.621   97.227  118.833  140.439  162.045  183.651
  *********   9.702E-03  1.487E-02  2.406E-02  2.245E-02  3.133E-02  2.343E-02  1.183E-02  1.025E-02  6.649E-04 
  *********   1.487E-02  2.030E-02  1.823E-02  2.780E-02  2.595E-02  2.948E-02  1.636E-02  9.261E-03  5.227E-04 
  *********   2.406E-02  1.823E-02  1.313E-02  2.195E-02  3.177E-02  2.495E-02  1.948E-02  1.631E-03  1.256E-04 
  *********   2.245E-02  2.780E-02  2.195E-02  2.997E-02  2.565E-02  2.224E-02  1.455E-02  8.822E-04  0.000E+00 
  *********   3.133E-02  2.595E-02  3.177E-02  2.565E-02  2.867E-02  1.651E-02  1.622E-03  1.718E-04  0.000E+00 
  *********   2.343E-02  2.948E-02  2.495E-02  2.224E-02  1.651E-02  1.703E-03  2.167E-04  0.000E+00  0.000E+00 
  *********   1.183E-02  1.636E-02  1.948E-02  1.455E-02  1.622E-03  2.167E-04  0.000E+00  0.000E+00  0.000E+00 
  *********   1.025E-02  9.261E-03  1.631E-03  8.822E-04  1.718E-04  0.000E+00  0.000E+00  0.000E+00  0.000E+00 
  *********   6.649E-04  5.227E-04  1.256E-04  0.000E+00  0.000E+00  0.000E+00  0.000E+00  0.000E+00  0.000E+00 
