    0.000   10.803   32.409   54.015   75.621   97.227  118.833  140.439  162.045  183.651
  *********   7.626E-03  1.173E-02  1.947E-02  1.935E-02  3.014E-02  2.900E-02  3.242E-02  1.940E-02  1.176E-03 
  *********   1.173E-02  1.607E-02  1.480E-02  2.369E-02  2.419E-02  3.231E-02  2.282E-02  1.462E-02  8.575E-04 
  *********   1.947E-02  1.480E-02  1.079E-02  1.834E-02  2.774E-02  2.368E-02  2.021E-02  1.964E-03  1.816E-04 
  *********   1.935E-02  2.369E-02  1.834E-02  2.459E-02  2.130E-02  1.919E-02  1.332E-02  8.505E-04  0.000E+00 
  *********   3.014E-02  2.419E-02  2.774E-02  2.130E-02  2.335E-02  1.361E-02  1.408E-03  1.566E-04  0.000E+00 
  *********   2.900E-02  3.231E-02  2.368E-02  1.919E-02  1.361E-02  1.405E-03  1.812E-04  0.000E+00  0.000E+00 
  *********   3.242E-02  2.282E-02  2.021E-02  1.332E-02  1.408E-03  1.812E-04  0.000E+00  0.000E+00  0.000E+00 
  *********   1.940E-02  1.462E-02  1.964E-03  8.505E-04  1.566E-04  0.000E+00  0.000E+00  0.000E+00  0.000E+00 
  *********   1.176E-03  8.575E-04  1.816E-04  0.000E+00  0.000E+00  0.000E+00  0.000E+00  0.000E+00  0.000E+00 
