    0.000   11.561   34.684   57.806   80.929  104.052  127.174  150.297  173.419  196.542
  *********   1.945E-02  1.954E-02  2.127E-02  2.114E-02  1.937E-02  1.788E-02  1.926E-02  1.512E-02  2.337E-03 
  *********   1.954E-02  1.993E-02  2.014E-02  2.094E-02  1.896E-02  1.825E-02  1.877E-02  1.447E-02  2.228E-03 
  *********   2.127E-02  2.014E-02  2.001E-02  1.966E-02  1.918E-02  1.685E-02  1.648E-02  1.230E-02  1.869E-03 
  *********   2.113E-02  2.094E-02  1.966E-02  1.989E-02  1.848E-02  1.689E-02  1.369E-02  8.142E-03  1.145E-03 
  *********   1.937E-02  1.896E-02  1.918E-02  1.848E-02  1.916E-02  1.786E-02  1.312E-02  2.860E-03  2.563E-04 
  *********   1.788E-02  1.824E-02  1.685E-02  1.689E-02  1.786E-02  1.811E-02  1.023E-02  1.393E-03  0.000E+00 
  *********   1.926E-02  1.877E-02  1.647E-02  1.369E-02  1.312E-02  1.023E-02  2.703E-03  2.951E-04  0.000E+00 
  *********   1.512E-02  1.446E-02  1.230E-02  8.141E-03  2.860E-03  1.393E-03  2.951E-04  0.000E+00  0.000E+00 
  *********   2.337E-03  2.228E-03  1.869E-03  1.145E-03  2.563E-04  0.000E+00  0.000E+00  0.000E+00  0.000E+00 
