    0.000    5.400   10.800   16.200   21.600   27.000   32.400   37.800   43.200   48.600   54.000   59.400   64.800
      0.000   6.806E-03  6.751E-03  6.649E-03  6.526E-03  6.465E-03  6.481E-03  6.205E-03  5.555E-03  4.880E-03  4.241E-03  3.855E-03  3.590E-03 
      0.000   6.753E-03  6.702E-03  6.602E-03  6.466E-03  6.326E-03  6.179E-03  5.879E-03  5.392E-03  4.849E-03  4.310E-03  3.905E-03  3.577E-03 
  *********   6.654E-03  6.617E-03  6.535E-03  6.390E-03  6.186E-03  5.933E-03  5.612E-03  5.211E-03  4.749E-03  4.262E-03  3.870E-03  3.536E-03 
      0.000   6.518E-03  6.530E-03  6.531E-03  6.390E-03  6.094E-03  5.767E-03  5.418E-03  5.011E-03  4.553E-03  4.119E-03  3.773E-03  3.456E-03 
      0.000   6.338E-03  6.434E-03  6.600E-03  6.472E-03  6.017E-03  5.591E-03  5.214E-03  4.774E-03  4.236E-03  3.886E-03  3.641E-03  3.348E-03 
      0.000   6.082E-03  6.190E-03  6.378E-03  6.252E-03  5.779E-03  5.349E-03  4.977E-03  4.551E-03  4.054E-03  3.739E-03  3.508E-03  3.231E-03 
   6369.047   5.739E-03  5.773E-03  5.806E-03  5.663E-03  5.341E-03  5.010E-03  4.678E-03  4.301E-03  3.947E-03  3.648E-03  3.373E-03  3.116E-03 
      5.400   5.320E-03  5.310E-03  5.249E-03  5.083E-03  4.826E-03  4.574E-03  4.308E-03  4.035E-03  3.760E-03  3.491E-03  3.237E-03  3.020E-03 
     10.800   4.813E-03  4.819E-03  4.756E-03  4.577E-03  4.258E-03  4.068E-03  3.954E-03  3.762E-03  3.543E-03  3.318E-03  3.122E-03  2.995E-03 
     16.200   4.223E-03  4.302E-03  4.267E-03  4.130E-03  3.898E-03  3.748E-03  3.653E-03  3.494E-03  3.319E-03  3.163E-03  3.074E-03  3.028E-03 
     21.600   3.852E-03  3.906E-03  3.875E-03  3.780E-03  3.648E-03  3.513E-03  3.377E-03  3.239E-03  3.123E-03  3.075E-03  3.073E-03  2.849E-03 
     27.000   3.593E-03  3.582E-03  3.542E-03  3.462E-03  3.353E-03  3.236E-03  3.119E-03  3.022E-03  2.996E-03  3.028E-03  2.849E-03  2.501E-03 
     32.400   3.316E-03  3.296E-03  3.250E-03  3.173E-03  3.077E-03  2.994E-03  2.942E-03  2.887E-03  2.908E-03  2.760E-03  2.458E-03  2.087E-03 
     37.800   3.154E-03  3.128E-03  3.075E-03  2.993E-03  2.897E-03  2.840E-03  2.883E-03  2.777E-03  2.598E-03  2.332E-03  2.010E-03  1.674E-03 
     43.200   3.106E-03  3.076E-03  3.015E-03  2.923E-03  2.806E-03  2.686E-03  2.567E-03  2.377E-03  2.133E-03  1.858E-03  1.573E-03  1.297E-03 
     48.600   2.662E-03  2.633E-03  2.575E-03  2.486E-03  2.368E-03  2.224E-03  2.055E-03  1.857E-03  1.636E-03  1.407E-03  1.181E-03  9.694E-04 
     54.000   2.015E-03  1.991E-03  1.943E-03  1.871E-03  1.772E-03  1.651E-03  1.508E-03  1.348E-03  1.178E-03  1.007E-03  8.426E-04  6.907E-04 
     62.100   1.358E-03  1.341E-03  1.307E-03  1.256E-03  1.186E-03  1.100E-03  1.000E-03  8.906E-04  7.761E-04  6.621E-04  5.535E-04  4.537E-04 
     70.200   5.923E-04  5.847E-04  5.693E-04  5.461E-04  5.150E-04  4.768E-04  4.326E-04  3.845E-04  3.347E-04  2.854E-04  2.386E-04  1.957E-04 
    0.000 6400.000    0.000    0.000    0.000    0.000    0.000    0.000
      0.000   3.310E-03  3.147E-03  3.098E-03  2.655E-03  2.010E-03  1.355E-03  5.909E-04 
      0.000   3.290E-03  3.121E-03  3.069E-03  2.627E-03  1.986E-03  1.338E-03  5.833E-04 
  *********   3.243E-03  3.069E-03  3.009E-03  2.570E-03  1.939E-03  1.305E-03  5.681E-04 
      0.000   3.167E-03  2.988E-03  2.917E-03  2.481E-03  1.867E-03  1.253E-03  5.450E-04 
      0.000   3.072E-03  2.892E-03  2.801E-03  2.364E-03  1.769E-03  1.184E-03  5.141E-04 
      0.000   2.990E-03  2.836E-03  2.682E-03  2.221E-03  1.648E-03  1.099E-03  4.760E-04 
   6369.047   2.939E-03  2.880E-03  2.564E-03  2.053E-03  1.506E-03  9.991E-04  4.320E-04 
      5.400   2.885E-03  2.775E-03  2.375E-03  1.855E-03  1.346E-03  8.896E-04  3.840E-04 
     10.800   2.906E-03  2.596E-03  2.131E-03  1.635E-03  1.177E-03  7.753E-04  3.343E-04 
     16.200   2.759E-03  2.331E-03  1.857E-03  1.406E-03  1.006E-03  6.616E-04  2.851E-04 
     21.600   2.457E-03  2.009E-03  1.572E-03  1.180E-03  8.421E-04  5.531E-04  2.384E-04 
     27.000   2.087E-03  1.674E-03  1.297E-03  9.690E-04  6.903E-04  4.535E-04  1.956E-04 
     32.400   1.708E-03  1.356E-03  1.045E-03  7.787E-04  5.548E-04  3.647E-04  1.574E-04 
     37.800   1.356E-03  1.070E-03  8.223E-04  6.128E-04  4.369E-04  2.876E-04  1.243E-04 
     43.200   1.045E-03  8.223E-04  6.317E-04  4.712E-04  3.365E-04  2.219E-04  9.601E-05 
     48.600   7.790E-04  6.129E-04  4.712E-04  3.520E-04  2.519E-04  1.664E-04  7.209E-05 
     54.000   5.550E-04  4.370E-04  3.365E-04  2.519E-04  1.806E-04  1.195E-04  5.184E-05 
     62.100   3.649E-04  2.877E-04  2.219E-04  1.664E-04  1.195E-04  7.919E-05  3.440E-05 
     70.200   1.575E-04  1.243E-04  9.603E-05  7.210E-05  5.185E-05  3.440E-05  1.496E-05 
