    0.000    5.400   10.800   16.200   21.600   27.000   32.400   37.800   43.200   48.600   54.000   59.400   64.800
      0.000   6.119E-03  6.075E-03  5.996E-03  5.912E-03  5.916E-03  5.940E-03  5.692E-03  5.001E-03  4.189E-03  3.411E-03  3.058E-03  2.891E-03 
      0.000   6.077E-03  6.038E-03  5.959E-03  5.853E-03  5.753E-03  5.644E-03  5.344E-03  4.791E-03  4.146E-03  3.510E-03  3.112E-03  2.863E-03 
  *********   6.001E-03  5.979E-03  5.920E-03  5.794E-03  5.600E-03  5.348E-03  5.010E-03  4.562E-03  4.023E-03  3.448E-03  3.062E-03  2.820E-03 
      0.000   5.895E-03  5.936E-03  5.974E-03  5.846E-03  5.527E-03  5.166E-03  4.783E-03  4.323E-03  3.793E-03  3.305E-03  2.979E-03  2.759E-03 
      0.000   5.741E-03  5.883E-03  6.043E-03  5.933E-03  5.480E-03  4.984E-03  4.555E-03  4.044E-03  3.381E-03  3.051E-03  2.885E-03  2.690E-03 
      0.000   5.491E-03  5.650E-03  5.848E-03  5.734E-03  5.237E-03  4.721E-03  4.286E-03  3.788E-03  3.201E-03  2.930E-03  2.795E-03  2.635E-03 
   6369.047   5.126E-03  5.190E-03  5.260E-03  5.114E-03  4.733E-03  4.335E-03  3.933E-03  3.488E-03  3.133E-03  2.892E-03  2.712E-03  2.611E-03 
      5.400   4.661E-03  4.661E-03  4.607E-03  4.424E-03  4.121E-03  3.825E-03  3.499E-03  3.206E-03  2.967E-03  2.786E-03  2.668E-03  2.656E-03 
     10.800   4.073E-03  4.087E-03  4.025E-03  3.827E-03  3.419E-03  3.228E-03  3.146E-03  2.971E-03  2.823E-03  2.721E-03  2.711E-03  2.856E-03 
     16.200   3.358E-03  3.482E-03  3.446E-03  3.319E-03  3.073E-03  2.949E-03  2.902E-03  2.790E-03  2.723E-03  2.739E-03  2.909E-03  3.240E-03 
     21.600   3.029E-03  3.098E-03  3.061E-03  2.986E-03  2.896E-03  2.805E-03  2.719E-03  2.672E-03  2.712E-03  2.910E-03  3.277E-03  3.421E-03 
     27.000   2.881E-03  2.858E-03  2.821E-03  2.763E-03  2.696E-03  2.640E-03  2.615E-03  2.659E-03  2.858E-03  3.241E-03  3.421E-03  3.316E-03 
     32.400   2.759E-03  2.742E-03  2.706E-03  2.655E-03  2.607E-03  2.608E-03  2.689E-03  2.830E-03  3.160E-03  3.340E-03  3.269E-03  3.010E-03 
     37.800   2.898E-03  2.876E-03  2.833E-03  2.777E-03  2.732E-03  2.782E-03  3.032E-03  3.155E-03  3.216E-03  3.138E-03  2.914E-03  2.593E-03 
     43.200   3.353E-03  3.323E-03  3.266E-03  3.190E-03  3.114E-03  3.087E-03  3.122E-03  3.078E-03  2.943E-03  2.730E-03  2.452E-03  2.132E-03 
     48.600   3.323E-03  3.291E-03  3.228E-03  3.139E-03  3.034E-03  2.927E-03  2.812E-03  2.659E-03  2.459E-03  2.219E-03  1.951E-03  1.672E-03 
     54.000   2.795E-03  2.766E-03  2.708E-03  2.624E-03  2.518E-03  2.394E-03  2.250E-03  2.081E-03  1.889E-03  1.677E-03  1.457E-03  1.237E-03 
     62.100   2.025E-03  2.002E-03  1.958E-03  1.892E-03  1.807E-03  1.704E-03  1.584E-03  1.449E-03  1.301E-03  1.145E-03  9.875E-04  8.337E-04 
     70.200   9.367E-04  9.259E-04  9.044E-04  8.726E-04  8.309E-04  7.801E-04  7.214E-04  6.559E-04  5.856E-04  5.129E-04  4.404E-04  3.707E-04 
    0.000 6400.000    0.000    0.000    0.000    0.000    0.000    0.000
      0.000   2.760E-03  2.894E-03  3.346E-03  3.316E-03  2.789E-03  2.020E-03  9.346E-04 
      0.000   2.741E-03  2.872E-03  3.317E-03  3.284E-03  2.760E-03  1.998E-03  9.239E-04 
  *********   2.703E-03  2.829E-03  3.260E-03  3.221E-03  2.703E-03  1.954E-03  9.025E-04 
      0.000   2.651E-03  2.772E-03  3.184E-03  3.133E-03  2.619E-03  1.888E-03  8.709E-04 
      0.000   2.603E-03  2.728E-03  3.109E-03  3.029E-03  2.514E-03  1.804E-03  8.294E-04 
      0.000   2.604E-03  2.778E-03  3.083E-03  2.923E-03  2.390E-03  1.701E-03  7.789E-04 
   6369.047   2.685E-03  3.028E-03  3.118E-03  2.808E-03  2.246E-03  1.582E-03  7.203E-04 
      5.400   2.827E-03  3.152E-03  3.075E-03  2.656E-03  2.079E-03  1.447E-03  6.551E-04 
     10.800   3.158E-03  3.213E-03  2.940E-03  2.457E-03  1.887E-03  1.300E-03  5.850E-04 
     16.200   3.338E-03  3.136E-03  2.729E-03  2.218E-03  1.676E-03  1.144E-03  5.124E-04 
     21.600   3.268E-03  2.913E-03  2.450E-03  1.950E-03  1.456E-03  9.868E-04  4.401E-04 
     27.000   3.009E-03  2.592E-03  2.131E-03  1.671E-03  1.236E-03  8.332E-04  3.705E-04 
     32.400   2.640E-03  2.222E-03  1.798E-03  1.396E-03  1.025E-03  6.887E-04  3.055E-04 
     37.800   2.222E-03  1.841E-03  1.474E-03  1.136E-03  8.308E-04  5.565E-04  2.466E-04 
     43.200   1.799E-03  1.474E-03  1.172E-03  8.988E-04  6.556E-04  4.384E-04  1.941E-04 
     48.600   1.396E-03  1.136E-03  8.989E-04  6.874E-04  5.006E-04  3.345E-04  1.480E-04 
     54.000   1.026E-03  8.310E-04  6.557E-04  5.006E-04  3.642E-04  2.433E-04  1.077E-04 
     62.100   6.889E-04  5.567E-04  4.385E-04  3.345E-04  2.433E-04  1.625E-04  7.193E-05 
     70.200   3.057E-04  2.467E-04  1.942E-04  1.481E-04  1.077E-04  7.193E-05  3.184E-05 
