    0.000    5.400   10.800   16.200   21.600   27.000   32.400   37.800   43.200   48.600   54.000   59.400   64.800
      0.000   7.496E-03  7.422E-03  7.275E-03  7.054E-03  6.750E-03  6.433E-03  6.179E-03  5.851E-03  5.373E-03  4.845E-03  4.500E-03  4.228E-03 
      0.000   7.422E-03  7.348E-03  7.206E-03  7.002E-03  6.741E-03  6.453E-03  6.162E-03  5.819E-03  5.406E-03  4.980E-03  4.611E-03  4.244E-03 
  *********   7.277E-03  7.200E-03  7.061E-03  6.879E-03  6.659E-03  6.396E-03  6.090E-03  5.737E-03  5.356E-03  4.982E-03  4.617E-03  4.217E-03 
      0.000   7.071E-03  6.979E-03  6.823E-03  6.669E-03  6.499E-03  6.260E-03  5.950E-03  5.569E-03  5.160E-03  4.818E-03  4.505E-03  4.122E-03 
      0.000   6.825E-03  6.719E-03  6.552E-03  6.431E-03  6.300E-03  6.074E-03  5.764E-03  5.344E-03  4.854E-03  4.545E-03  4.330E-03  3.973E-03 
      0.000   6.554E-03  6.471E-03  6.345E-03  6.229E-03  6.072E-03  5.846E-03  5.557E-03  5.166E-03  4.703E-03  4.398E-03  4.164E-03  3.794E-03 
   6369.047   6.244E-03  6.191E-03  6.098E-03  5.958E-03  5.766E-03  5.557E-03  5.321E-03  5.020E-03  4.670E-03  4.338E-03  3.996E-03  3.583E-03 
      5.400   5.867E-03  5.837E-03  5.748E-03  5.574E-03  5.345E-03  5.166E-03  5.020E-03  4.805E-03  4.510E-03  4.164E-03  3.771E-03  3.327E-03 
     10.800   5.392E-03  5.423E-03  5.367E-03  5.166E-03  4.857E-03  4.704E-03  4.671E-03  4.510E-03  4.237E-03  3.886E-03  3.476E-03  3.019E-03 
     16.200   4.861E-03  4.995E-03  4.993E-03  4.825E-03  4.550E-03  4.401E-03  4.340E-03  4.164E-03  3.886E-03  3.530E-03  3.116E-03  2.617E-03 
     21.600   4.514E-03  4.624E-03  4.628E-03  4.513E-03  4.335E-03  4.167E-03  3.998E-03  3.773E-03  3.477E-03  3.116E-03  2.661E-03  2.159E-03 
     27.000   4.241E-03  4.255E-03  4.227E-03  4.129E-03  3.979E-03  3.798E-03  3.586E-03  3.329E-03  3.020E-03  2.618E-03  2.159E-03  1.731E-03 
     32.400   3.816E-03  3.801E-03  3.752E-03  3.655E-03  3.511E-03  3.328E-03  3.109E-03  2.834E-03  2.486E-03  2.082E-03  1.699E-03  1.357E-03 
     37.800   3.284E-03  3.260E-03  3.205E-03  3.109E-03  2.970E-03  2.786E-03  2.541E-03  2.251E-03  1.924E-03  1.600E-03  1.303E-03  1.040E-03 
     43.200   2.613E-03  2.589E-03  2.537E-03  2.451E-03  2.326E-03  2.153E-03  1.924E-03  1.680E-03  1.433E-03  1.193E-03  9.733E-04  7.790E-04 
     48.600   1.911E-03  1.890E-03  1.847E-03  1.778E-03  1.678E-03  1.546E-03  1.385E-03  1.210E-03  1.034E-03  8.632E-04  7.065E-04  5.676E-04 
     54.000   1.327E-03  1.311E-03  1.279E-03  1.227E-03  1.155E-03  1.063E-03  9.542E-04  8.358E-04  7.157E-04  6.000E-04  4.931E-04  3.978E-04 
     62.100   8.572E-04  8.463E-04  8.240E-04  7.894E-04  7.421E-04  6.827E-04  6.137E-04  5.390E-04  4.630E-04  3.895E-04  3.213E-04  2.602E-04 
     70.200   3.886E-04  3.834E-04  3.730E-04  3.569E-04  3.353E-04  3.085E-04  2.776E-04  2.443E-04  2.104E-04  1.775E-04  1.469E-04  1.193E-04 
    0.000 6400.000    0.000    0.000    0.000    0.000    0.000    0.000
      0.000   3.805E-03  3.275E-03  2.606E-03  1.906E-03  1.324E-03  8.551E-04  3.877E-04 
      0.000   3.791E-03  3.252E-03  2.582E-03  1.886E-03  1.308E-03  8.443E-04  3.825E-04 
  *********   3.743E-03  3.197E-03  2.531E-03  1.843E-03  1.276E-03  8.221E-04  3.721E-04 
      0.000   3.648E-03  3.103E-03  2.446E-03  1.774E-03  1.225E-03  7.878E-04  3.562E-04 
      0.000   3.505E-03  2.965E-03  2.322E-03  1.675E-03  1.153E-03  7.407E-04  3.347E-04 
      0.000   3.324E-03  2.783E-03  2.150E-03  1.544E-03  1.061E-03  6.816E-04  3.080E-04 
   6369.047   3.106E-03  2.538E-03  1.922E-03  1.384E-03  9.529E-04  6.129E-04  2.772E-04 
      5.400   2.832E-03  2.249E-03  1.678E-03  1.209E-03  8.349E-04  5.384E-04  2.440E-04 
     10.800   2.485E-03  1.923E-03  1.432E-03  1.033E-03  7.150E-04  4.625E-04  2.102E-04 
     16.200   2.081E-03  1.599E-03  1.193E-03  8.626E-04  5.995E-04  3.892E-04  1.774E-04 
     21.600   1.698E-03  1.302E-03  9.728E-04  7.061E-04  4.928E-04  3.211E-04  1.468E-04 
     27.000   1.357E-03  1.040E-03  7.787E-04  5.674E-04  3.976E-04  2.601E-04  1.193E-04 
     32.400   1.062E-03  8.152E-04  6.123E-04  4.480E-04  3.153E-04  2.070E-04  9.519E-05 
     37.800   8.153E-04  6.274E-04  4.729E-04  3.474E-04  2.455E-04  1.618E-04  7.460E-05 
     43.200   6.125E-04  4.730E-04  3.580E-04  2.641E-04  1.874E-04  1.239E-04  5.728E-05 
     48.600   4.481E-04  3.475E-04  2.641E-04  1.956E-04  1.393E-04  9.241E-05  4.282E-05 
     54.000   3.154E-04  2.456E-04  1.874E-04  1.393E-04  9.957E-05  6.622E-05  3.075E-05 
     62.100   2.071E-04  1.618E-04  1.239E-04  9.242E-05  6.623E-05  4.414E-05  2.053E-05 
     70.200   9.523E-05  7.463E-05  5.729E-05  4.283E-05  3.075E-05  2.053E-05  9.562E-06 
