    0.000   10.803   32.409   54.015   75.621   97.227  118.833  140.439  162.045  183.651
  12293.813   2.136E-02  2.218E-02  2.377E-02  2.388E-02  2.473E-02  2.412E-02  2.083E-02  1.421E-02  1.980E-03 
  12315.420   2.218E-02  2.326E-02  2.413E-02  2.449E-02  2.419E-02  2.341E-02  2.004E-02  1.124E-02  1.458E-03 
  12337.026   2.377E-02  2.413E-02  2.456E-02  2.403E-02  2.317E-02  2.154E-02  1.691E-02  3.936E-03  3.477E-04 
  12358.633   2.388E-02  2.449E-02  2.403E-02  2.297E-02  2.108E-02  1.878E-02  1.142E-02  1.615E-03  0.000E+00 
  12380.239   2.473E-02  2.419E-02  2.317E-02  2.108E-02  1.792E-02  1.212E-02  3.066E-03  3.321E-04  0.000E+00 
  12401.846   2.412E-02  2.341E-02  2.154E-02  1.878E-02  1.212E-02  3.123E-03  4.007E-04  0.000E+00  0.000E+00 
  12423.452   2.083E-02  2.004E-02  1.691E-02  1.142E-02  3.066E-03  4.007E-04  0.000E+00  0.000E+00  0.000E+00 
  12445.059   1.421E-02  1.124E-02  3.936E-03  1.615E-03  3.321E-04  0.000E+00  0.000E+00  0.000E+00  0.000E+00 
  12466.665   1.980E-03  1.458E-03  3.477E-04  0.000E+00  0.000E+00  0.000E+00  0.000E+00  0.000E+00  0.000E+00 
