    0.000   11.561   34.684   57.806   80.929  104.052  127.174  150.297  173.419  196.542
  *********   2.087E-02  1.807E-02  2.196E-02  2.017E-02  2.085E-02  1.705E-02  2.103E-02  1.378E-02  3.260E-03 
  *********   1.807E-02  2.138E-02  1.860E-02  2.162E-02  1.751E-02  1.980E-02  2.061E-02  1.319E-02  3.107E-03 
  *********   2.195E-02  1.860E-02  2.147E-02  1.811E-02  1.979E-02  1.602E-02  1.785E-02  1.120E-02  2.606E-03 
  *********   2.017E-02  2.161E-02  1.811E-02  2.050E-02  1.703E-02  1.820E-02  1.252E-02  7.414E-03  1.598E-03 
  *********   2.084E-02  1.751E-02  1.978E-02  1.703E-02  1.985E-02  1.729E-02  1.186E-02  3.935E-03  3.774E-04 
  *********   1.704E-02  1.979E-02  1.602E-02  1.819E-02  1.729E-02  1.623E-02  9.294E-03  1.942E-03  0.000E+00 
  *********   2.101E-02  2.060E-02  1.784E-02  1.251E-02  1.186E-02  9.294E-03  3.703E-03  4.346E-04  0.000E+00 
  *********   1.378E-02  1.318E-02  1.119E-02  7.411E-03  3.934E-03  1.941E-03  4.346E-04  0.000E+00  0.000E+00 
  *********   3.258E-03  3.105E-03  2.604E-03  1.597E-03  3.772E-04  0.000E+00  0.000E+00  0.000E+00  0.000E+00 
