    0.000   15.000   30.000   45.000   60.000   75.000   90.000  105.000  120.000  135.000  150.000  165.000
  *********   7.658E-03  4.339E-03  4.064E-03  5.034E-03  7.781E-03  1.731E-02  2.075E-02  1.570E-02  9.857E-03  8.835E-03  7.934E-04 
  *********   4.339E-03  3.930E-03  4.001E-03  4.822E-03  6.588E-03  9.250E-03  1.133E-02  1.356E-02  9.250E-03  8.441E-03  7.637E-04 
  *********   4.063E-03  4.000E-03  4.170E-03  4.838E-03  6.076E-03  7.690E-03  9.500E-03  1.242E-02  8.820E-03  8.159E-03  7.428E-04 
  *********   5.033E-03  4.822E-03  4.838E-03  5.431E-03  6.665E-03  8.285E-03  1.004E-02  1.293E-02  9.098E-03  8.377E-03  7.605E-04 
  *********   7.779E-03  6.587E-03  6.075E-03  6.665E-03  8.489E-03  1.133E-02  1.318E-02  1.504E-02  9.943E-03  8.926E-03  7.992E-04 
  *********   1.731E-02  9.247E-03  7.689E-03  8.284E-03  1.133E-02  2.313E-02  2.561E-02  1.780E-02  1.036E-02  8.882E-03  7.757E-04 
  *********   2.075E-02  1.132E-02  9.498E-03  1.004E-02  1.318E-02  2.561E-02  2.699E-02  1.719E-02  9.109E-03  6.625E-03  5.632E-04 
  *********   1.570E-02  1.356E-02  1.241E-02  1.293E-02  1.504E-02  1.780E-02  1.719E-02  1.441E-02  1.424E-02  2.777E-03  2.214E-04 
  *********   9.854E-03  9.248E-03  8.818E-03  9.096E-03  9.942E-03  1.036E-02  9.109E-03  1.424E-02  4.141E-03  5.233E-04  4.578E-05 
  *********   8.832E-03  8.438E-03  8.157E-03  8.376E-03  8.925E-03  8.881E-03  6.625E-03  2.777E-03  5.233E-04  7.016E-05  6.907E-06 
  *********   7.931E-04  7.635E-04  7.426E-04  7.604E-04  7.991E-04  7.757E-04  5.632E-04  2.214E-04  4.578E-05  6.906E-06  7.835E-07 
