    0.000   15.000   30.000   45.000   60.000   75.000   90.000  105.000  120.000  135.000  150.000  165.000
     15.000   7.281E-03  5.929E-03  5.678E-03  7.035E-03  1.060E-02  1.643E-02  1.960E-02  1.774E-02  1.054E-02  1.657E-03  8.285E-05 
     30.000   5.929E-03  5.485E-03  5.590E-03  6.739E-03  9.195E-03  1.263E-02  1.532E-02  1.562E-02  9.880E-03  1.580E-03  7.971E-05 
     45.000   5.678E-03  5.590E-03  5.827E-03  6.761E-03  8.491E-03  1.075E-02  1.314E-02  1.432E-02  9.412E-03  1.524E-03  7.750E-05 
     60.000   7.033E-03  6.738E-03  6.760E-03  7.589E-03  9.315E-03  1.158E-02  1.390E-02  1.491E-02  9.712E-03  1.566E-03  7.936E-05 
     75.000   1.060E-02  9.193E-03  8.490E-03  9.314E-03  1.185E-02  1.546E-02  1.781E-02  1.733E-02  1.063E-02  1.675E-03  8.348E-05 
     90.000   1.642E-02  1.263E-02  1.075E-02  1.158E-02  1.546E-02  2.195E-02  2.417E-02  2.010E-02  1.110E-02  1.677E-03  8.117E-05 
    105.000   1.959E-02  1.532E-02  1.314E-02  1.389E-02  1.781E-02  2.417E-02  2.529E-02  1.922E-02  9.052E-03  1.243E-03  5.904E-05 
    120.000   1.773E-02  1.562E-02  1.431E-02  1.490E-02  1.733E-02  2.009E-02  1.922E-02  1.305E-02  3.034E-03  3.528E-04  2.233E-05 
    135.000   1.054E-02  9.877E-03  9.410E-03  9.710E-03  1.063E-02  1.110E-02  9.052E-03  3.034E-03  5.280E-04  5.285E-05  4.547E-06 
    150.000   1.656E-03  1.579E-03  1.524E-03  1.566E-03  1.675E-03  1.677E-03  1.243E-03  3.528E-04  5.285E-05  6.969E-06  6.834E-07 
    165.000   8.283E-05  7.969E-05  7.748E-05  7.935E-05  8.347E-05  8.117E-05  5.903E-05  2.233E-05  4.547E-06  6.834E-07  7.756E-08 
