    0.000   15.000   30.000   45.000   60.000   75.000   90.000  105.000  120.000  135.000  150.000  165.000
     15.000   7.659E-03  4.338E-03  4.062E-03  5.032E-03  7.781E-03  1.732E-02  2.076E-02  1.571E-02  9.861E-03  8.824E-03  7.913E-04 
     30.000   4.338E-03  3.929E-03  3.999E-03  4.821E-03  6.587E-03  9.249E-03  1.133E-02  1.357E-02  9.254E-03  8.430E-03  7.617E-04 
     45.000   4.062E-03  3.999E-03  4.169E-03  4.837E-03  6.074E-03  7.688E-03  9.500E-03  1.242E-02  8.823E-03  8.149E-03  7.409E-04 
     60.000   5.031E-03  4.820E-03  4.836E-03  5.429E-03  6.663E-03  8.283E-03  1.004E-02  1.293E-02  9.101E-03  8.367E-03  7.586E-04 
     75.000   7.779E-03  6.585E-03  6.073E-03  6.663E-03  8.488E-03  1.133E-02  1.318E-02  1.505E-02  9.947E-03  8.915E-03  7.972E-04 
     90.000   1.731E-02  9.247E-03  7.687E-03  8.282E-03  1.133E-02  2.314E-02  2.563E-02  1.781E-02  1.036E-02  8.872E-03  7.738E-04 
    105.000   2.075E-02  1.133E-02  9.498E-03  1.004E-02  1.318E-02  2.562E-02  2.701E-02  1.720E-02  9.112E-03  6.617E-03  5.618E-04 
    120.000   1.571E-02  1.356E-02  1.242E-02  1.293E-02  1.505E-02  1.781E-02  1.720E-02  1.442E-02  1.423E-02  2.772E-03  2.208E-04 
    135.000   9.858E-03  9.251E-03  8.821E-03  9.100E-03  9.946E-03  1.036E-02  9.111E-03  1.423E-02  4.134E-03  5.219E-04  4.564E-05 
    150.000   8.821E-03  8.428E-03  8.147E-03  8.366E-03  8.915E-03  8.871E-03  6.617E-03  2.772E-03  5.219E-04  6.994E-05  6.883E-06 
    165.000   7.910E-04  7.615E-04  7.407E-04  7.584E-04  7.971E-04  7.737E-04  5.618E-04  2.207E-04  4.563E-05  6.883E-06  7.807E-07 
