    0.000   10.803   32.409   54.015   75.621   97.227  118.833  140.439  162.045  183.651
  *********   2.139E-02  2.197E-02  2.332E-02  2.342E-02  2.442E-02  2.442E-02  2.214E-02  1.513E-02  2.122E-03 
  *********   2.197E-02  2.291E-02  2.361E-02  2.398E-02  2.387E-02  2.350E-02  2.063E-02  1.184E-02  1.556E-03 
  *********   2.332E-02  2.361E-02  2.401E-02  2.357E-02  2.289E-02  2.142E-02  1.696E-02  4.053E-03  3.667E-04 
  *********   2.342E-02  2.398E-02  2.357E-02  2.268E-02  2.094E-02  1.867E-02  1.146E-02  1.639E-03  0.000E+00 
  *********   2.442E-02  2.387E-02  2.289E-02  2.094E-02  1.797E-02  1.220E-02  3.103E-03  3.370E-04  0.000E+00 
  *********   2.442E-02  2.350E-02  2.142E-02  1.867E-02  1.220E-02  3.176E-03  4.076E-04  0.000E+00  0.000E+00 
  *********   2.214E-02  2.062E-02  1.696E-02  1.146E-02  3.103E-03  4.075E-04  0.000E+00  0.000E+00  0.000E+00 
  *********   1.513E-02  1.183E-02  4.053E-03  1.639E-03  3.370E-04  0.000E+00  0.000E+00  0.000E+00  0.000E+00 
  *********   2.122E-03  1.556E-03  3.667E-04  0.000E+00  0.000E+00  0.000E+00  0.000E+00  0.000E+00  0.000E+00 
