    0.000   10.803   32.409   54.015   75.621   97.227  118.833  140.439  162.045  183.651
  *********   2.375E-02  2.025E-02  2.650E-02  2.157E-02  2.788E-02  2.389E-02  2.527E-02  1.485E-02  9.394E-04 
  *********   2.025E-02  2.607E-02  2.241E-02  2.736E-02  2.265E-02  2.669E-02  1.787E-02  1.133E-02  6.888E-04 
  *********   2.650E-02  2.241E-02  2.732E-02  2.237E-02  2.610E-02  1.993E-02  1.607E-02  1.610E-03  1.473E-04 
  *********   2.157E-02  2.735E-02  2.237E-02  2.589E-02  1.970E-02  1.633E-02  1.099E-02  7.210E-04  0.000E+00 
  *********   2.788E-02  2.265E-02  2.610E-02  1.970E-02  2.077E-02  1.182E-02  1.239E-03  1.353E-04  0.000E+00 
  *********   2.388E-02  2.669E-02  1.993E-02  1.633E-02  1.182E-02  1.272E-03  1.631E-04  0.000E+00  0.000E+00 
  *********   2.527E-02  1.787E-02  1.607E-02  1.099E-02  1.239E-03  1.631E-04  0.000E+00  0.000E+00  0.000E+00 
  *********   1.485E-02  1.133E-02  1.610E-03  7.209E-04  1.353E-04  0.000E+00  0.000E+00  0.000E+00  0.000E+00 
  *********   9.393E-04  6.888E-04  1.473E-04  0.000E+00  0.000E+00  0.000E+00  0.000E+00  0.000E+00  0.000E+00 
