    0.000    5.400   10.800   16.200   21.600   27.000   32.400   37.800   43.200   48.600   54.000   59.400   64.800
      0.000   7.497E-03  7.423E-03  7.276E-03  7.055E-03  6.749E-03  6.431E-03  6.181E-03  5.853E-03  5.372E-03  4.843E-03  4.499E-03  4.229E-03 
      0.000   7.423E-03  7.350E-03  7.208E-03  7.003E-03  6.743E-03  6.455E-03  6.162E-03  5.818E-03  5.406E-03  4.980E-03  4.610E-03  4.242E-03 
     -0.000   7.279E-03  7.202E-03  7.063E-03  6.880E-03  6.660E-03  6.397E-03  6.089E-03  5.736E-03  5.357E-03  4.982E-03  4.615E-03  4.215E-03 
      0.000   7.073E-03  6.981E-03  6.823E-03  6.669E-03  6.500E-03  6.262E-03  5.951E-03  5.570E-03  5.161E-03  4.817E-03  4.504E-03  4.121E-03 
      0.000   6.827E-03  6.720E-03  6.551E-03  6.431E-03  6.302E-03  6.075E-03  5.765E-03  5.344E-03  4.852E-03  4.545E-03  4.331E-03  3.973E-03 
      0.000   6.554E-03  6.470E-03  6.346E-03  6.232E-03  6.073E-03  5.845E-03  5.557E-03  5.165E-03  4.702E-03  4.398E-03  4.164E-03  3.793E-03 
     -0.000   6.243E-03  6.191E-03  6.100E-03  5.959E-03  5.765E-03  5.556E-03  5.320E-03  5.020E-03  4.671E-03  4.338E-03  3.994E-03  3.582E-03 
      5.400   5.867E-03  5.838E-03  5.749E-03  5.574E-03  5.345E-03  5.165E-03  5.020E-03  4.806E-03  4.511E-03  4.163E-03  3.771E-03  3.327E-03 
     10.800   5.392E-03  5.423E-03  5.369E-03  5.167E-03  4.855E-03  4.703E-03  4.672E-03  4.511E-03  4.237E-03  3.886E-03  3.476E-03  3.023E-03 
     16.200   4.859E-03  4.995E-03  4.994E-03  4.824E-03  4.549E-03  4.401E-03  4.340E-03  4.164E-03  3.886E-03  3.530E-03  3.120E-03  2.620E-03 
     21.600   4.513E-03  4.623E-03  4.626E-03  4.512E-03  4.336E-03  4.168E-03  3.997E-03  3.772E-03  3.477E-03  3.121E-03  2.664E-03  2.156E-03 
     27.000   4.241E-03  4.254E-03  4.225E-03  4.129E-03  3.979E-03  3.797E-03  3.585E-03  3.329E-03  3.024E-03  2.620E-03  2.157E-03  1.729E-03 
     32.400   3.816E-03  3.800E-03  3.751E-03  3.654E-03  3.510E-03  3.328E-03  3.110E-03  2.838E-03  2.488E-03  2.080E-03  1.697E-03  1.356E-03 
     37.800   3.284E-03  3.260E-03  3.204E-03  3.109E-03  2.970E-03  2.788E-03  2.543E-03  2.252E-03  1.922E-03  1.598E-03  1.301E-03  1.039E-03 
     43.200   2.613E-03  2.589E-03  2.537E-03  2.451E-03  2.327E-03  2.155E-03  1.923E-03  1.678E-03  1.432E-03  1.193E-03  9.725E-04  7.783E-04 
     48.600   1.911E-03  1.890E-03  1.847E-03  1.778E-03  1.679E-03  1.546E-03  1.385E-03  1.210E-03  1.033E-03  8.627E-04  7.060E-04  5.672E-04 
     54.000   1.327E-03  1.311E-03  1.279E-03  1.227E-03  1.155E-03  1.063E-03  9.539E-04  8.356E-04  7.154E-04  5.996E-04  4.928E-04  3.976E-04 
     59.400   8.572E-04  8.463E-04  8.240E-04  7.894E-04  7.420E-04  6.826E-04  6.136E-04  5.388E-04  4.628E-04  3.893E-04  3.211E-04  2.601E-04 
     67.500   3.886E-04  3.834E-04  3.730E-04  3.569E-04  3.353E-04  3.084E-04  2.776E-04  2.443E-04  2.103E-04  1.774E-04  1.468E-04  1.193E-04 
    0.000   -0.000    0.000    0.000    0.000    0.000    0.000    0.000
      0.000   3.805E-03  3.275E-03  2.606E-03  1.906E-03  1.324E-03  8.551E-04  3.876E-04 
      0.000   3.790E-03  3.251E-03  2.582E-03  1.886E-03  1.308E-03  8.443E-04  3.825E-04 
     -0.000   3.742E-03  3.197E-03  2.531E-03  1.843E-03  1.276E-03  8.221E-04  3.721E-04 
      0.000   3.647E-03  3.103E-03  2.446E-03  1.774E-03  1.225E-03  7.877E-04  3.562E-04 
      0.000   3.505E-03  2.965E-03  2.323E-03  1.676E-03  1.153E-03  7.407E-04  3.346E-04 
      0.000   3.323E-03  2.784E-03  2.152E-03  1.543E-03  1.061E-03  6.815E-04  3.079E-04 
     -0.000   3.107E-03  2.540E-03  1.921E-03  1.384E-03  9.526E-04  6.127E-04  2.772E-04 
      5.400   2.836E-03  2.250E-03  1.677E-03  1.209E-03  8.346E-04  5.382E-04  2.440E-04 
     10.800   2.486E-03  1.921E-03  1.431E-03  1.032E-03  7.147E-04  4.624E-04  2.101E-04 
     16.200   2.079E-03  1.598E-03  1.192E-03  8.621E-04  5.992E-04  3.890E-04  1.773E-04 
     21.600   1.697E-03  1.301E-03  9.721E-04  7.056E-04  4.925E-04  3.209E-04  1.467E-04 
     27.000   1.356E-03  1.039E-03  7.781E-04  5.670E-04  3.974E-04  2.600E-04  1.192E-04 
     32.400   1.061E-03  8.146E-04  6.119E-04  4.476E-04  3.151E-04  2.069E-04  9.514E-05 
     37.800   8.147E-04  6.269E-04  4.726E-04  3.472E-04  2.454E-04  1.617E-04  7.456E-05 
     43.200   6.120E-04  4.726E-04  3.577E-04  2.639E-04  1.873E-04  1.238E-04  5.725E-05 
     48.600   4.478E-04  3.472E-04  2.639E-04  1.955E-04  1.392E-04  9.237E-05  4.280E-05 
     54.000   3.152E-04  2.454E-04  1.873E-04  1.392E-04  9.951E-05  6.620E-05  3.074E-05 
     59.400   2.070E-04  1.618E-04  1.239E-04  9.238E-05  6.620E-05  4.413E-05  2.053E-05 
     67.500   9.518E-05  7.459E-05  5.727E-05  4.281E-05  3.074E-05  2.053E-05  9.560E-06 
