    0.000    5.400   10.800   16.200   21.600   27.000   32.400   37.800   43.200   48.600   54.000   59.400   64.800
      0.000   6.807E-03  6.752E-03  6.651E-03  6.527E-03  6.465E-03  6.480E-03  6.206E-03  5.557E-03  4.880E-03  4.239E-03  3.855E-03  3.590E-03 
      0.000   6.754E-03  6.703E-03  6.603E-03  6.467E-03  6.327E-03  6.180E-03  5.879E-03  5.392E-03  4.849E-03  4.310E-03  3.904E-03  3.576E-03 
     -0.000   6.656E-03  6.618E-03  6.536E-03  6.391E-03  6.187E-03  5.934E-03  5.612E-03  5.211E-03  4.750E-03  4.262E-03  3.868E-03  3.535E-03 
      0.000   6.520E-03  6.531E-03  6.532E-03  6.390E-03  6.095E-03  5.768E-03  5.419E-03  5.011E-03  4.554E-03  4.119E-03  3.772E-03  3.456E-03 
      0.000   6.339E-03  6.435E-03  6.599E-03  6.472E-03  6.019E-03  5.592E-03  5.215E-03  4.775E-03  4.235E-03  3.886E-03  3.642E-03  3.348E-03 
      0.000   6.082E-03  6.190E-03  6.379E-03  6.253E-03  5.780E-03  5.349E-03  4.978E-03  4.550E-03  4.053E-03  3.739E-03  3.508E-03  3.231E-03 
     -0.000   5.738E-03  5.773E-03  5.807E-03  5.664E-03  5.341E-03  5.010E-03  4.678E-03  4.301E-03  3.949E-03  3.648E-03  3.373E-03  3.116E-03 
      5.400   5.320E-03  5.311E-03  5.250E-03  5.084E-03  4.827E-03  4.574E-03  4.307E-03  4.036E-03  3.761E-03  3.492E-03  3.237E-03  3.020E-03 
     10.800   4.813E-03  4.819E-03  4.758E-03  4.578E-03  4.256E-03  4.067E-03  3.955E-03  3.763E-03  3.544E-03  3.319E-03  3.122E-03  2.996E-03 
     16.200   4.221E-03  4.303E-03  4.267E-03  4.130E-03  3.897E-03  3.748E-03  3.653E-03  3.494E-03  3.320E-03  3.164E-03  3.075E-03  3.030E-03 
     21.600   3.852E-03  3.906E-03  3.874E-03  3.779E-03  3.649E-03  3.514E-03  3.377E-03  3.239E-03  3.123E-03  3.076E-03  3.076E-03  2.847E-03 
     27.000   3.594E-03  3.581E-03  3.541E-03  3.462E-03  3.354E-03  3.236E-03  3.119E-03  3.022E-03  2.997E-03  3.031E-03  2.848E-03  2.499E-03 
     32.400   3.316E-03  3.296E-03  3.249E-03  3.172E-03  3.077E-03  2.995E-03  2.943E-03  2.888E-03  2.910E-03  2.759E-03  2.456E-03  2.085E-03 
     37.800   3.154E-03  3.128E-03  3.075E-03  2.994E-03  2.897E-03  2.840E-03  2.885E-03  2.778E-03  2.597E-03  2.331E-03  2.008E-03  1.673E-03 
     43.200   3.106E-03  3.076E-03  3.016E-03  2.923E-03  2.807E-03  2.687E-03  2.566E-03  2.377E-03  2.132E-03  1.857E-03  1.572E-03  1.297E-03 
     48.600   2.662E-03  2.633E-03  2.575E-03  2.487E-03  2.369E-03  2.224E-03  2.055E-03  1.856E-03  1.636E-03  1.406E-03  1.180E-03  9.688E-04 
     54.000   2.015E-03  1.991E-03  1.944E-03  1.871E-03  1.773E-03  1.650E-03  1.507E-03  1.347E-03  1.178E-03  1.007E-03  8.422E-04  6.903E-04 
     59.400   1.358E-03  1.341E-03  1.308E-03  1.256E-03  1.186E-03  1.100E-03  1.000E-03  8.904E-04  7.758E-04  6.618E-04  5.533E-04  4.535E-04 
     67.500   5.923E-04  5.847E-04  5.693E-04  5.461E-04  5.150E-04  4.767E-04  4.325E-04  3.844E-04  3.345E-04  2.853E-04  2.385E-04  1.956E-04 
    0.000   -0.000    0.000    0.000    0.000    0.000    0.000    0.000
      0.000   3.309E-03  3.146E-03  3.098E-03  2.655E-03  2.010E-03  1.355E-03  5.909E-04 
      0.000   3.290E-03  3.121E-03  3.069E-03  2.627E-03  1.987E-03  1.338E-03  5.833E-04 
     -0.000   3.243E-03  3.068E-03  3.009E-03  2.570E-03  1.939E-03  1.305E-03  5.681E-04 
      0.000   3.167E-03  2.988E-03  2.918E-03  2.482E-03  1.867E-03  1.253E-03  5.450E-04 
      0.000   3.072E-03  2.892E-03  2.802E-03  2.364E-03  1.769E-03  1.184E-03  5.140E-04 
      0.000   2.991E-03  2.836E-03  2.683E-03  2.221E-03  1.648E-03  1.098E-03  4.759E-04 
     -0.000   2.940E-03  2.882E-03  2.563E-03  2.052E-03  1.505E-03  9.989E-04  4.319E-04 
      5.400   2.886E-03  2.776E-03  2.374E-03  1.854E-03  1.346E-03  8.893E-04  3.839E-04 
     10.800   2.908E-03  2.595E-03  2.130E-03  1.634E-03  1.177E-03  7.750E-04  3.342E-04 
     16.200   2.758E-03  2.330E-03  1.856E-03  1.405E-03  1.006E-03  6.613E-04  2.850E-04 
     21.600   2.455E-03  2.008E-03  1.571E-03  1.180E-03  8.417E-04  5.529E-04  2.383E-04 
     27.000   2.085E-03  1.673E-03  1.296E-03  9.684E-04  6.900E-04  4.533E-04  1.955E-04 
     32.400   1.707E-03  1.355E-03  1.044E-03  7.783E-04  5.544E-04  3.645E-04  1.574E-04 
     37.800   1.355E-03  1.069E-03  8.217E-04  6.124E-04  4.367E-04  2.875E-04  1.242E-04 
     43.200   1.044E-03  8.218E-04  6.313E-04  4.709E-04  3.363E-04  2.218E-04  9.596E-05 
     48.600   7.785E-04  6.125E-04  4.709E-04  3.518E-04  2.517E-04  1.663E-04  7.206E-05 
     54.000   5.546E-04  4.368E-04  3.363E-04  2.517E-04  1.805E-04  1.194E-04  5.182E-05 
     59.400   3.647E-04  2.876E-04  2.218E-04  1.663E-04  1.194E-04  7.916E-05  3.439E-05 
     67.500   1.574E-04  1.243E-04  9.599E-05  7.207E-05  5.183E-05  3.439E-05  1.496E-05 
