    0.000    5.400   10.800   16.200   21.600   27.000   32.400   37.800   43.200   48.600   54.000   59.400   64.800
      0.000   7.838E-03  7.747E-03  7.564E-03  7.273E-03  6.809E-03  6.275E-03  6.034E-03  5.965E-03  5.701E-03  5.278E-03  5.080E-03  5.013E-03 
      0.000   7.746E-03  7.655E-03  7.479E-03  7.226E-03  6.887E-03  6.511E-03  6.246E-03  6.064E-03  5.860E-03  5.674E-03  5.451E-03  5.137E-03 
     -0.000   7.564E-03  7.457E-03  7.277E-03  7.071E-03  6.848E-03  6.598E-03  6.337E-03  6.087E-03  5.898E-03  5.817E-03  5.601E-03  5.180E-03 
      0.000   7.307E-03  7.143E-03  6.882E-03  6.719E-03  6.648E-03  6.503E-03  6.262E-03  5.953E-03  5.675E-03  5.590E-03  5.464E-03  5.075E-03 
      0.000   7.018E-03  6.774E-03  6.388E-03  6.268E-03  6.372E-03  6.334E-03  6.123E-03  5.748E-03  5.281E-03  5.132E-03  5.185E-03  4.863E-03 
      0.000   6.750E-03  6.529E-03  6.187E-03  6.078E-03  6.171E-03  6.162E-03  6.015E-03  5.702E-03  5.233E-03  5.016E-03  4.984E-03  4.597E-03 
     -0.000   6.497E-03  6.380E-03  6.192E-03  6.058E-03  6.006E-03  5.980E-03  5.954E-03  5.845E-03  5.532E-03  5.201E-03  4.844E-03  4.272E-03 
      5.400   6.205E-03  6.175E-03  6.073E-03  5.890E-03  5.695E-03  5.676E-03  5.837E-03  5.815E-03  5.549E-03  5.122E-03  4.559E-03  3.821E-03 
     10.800   5.809E-03  5.926E-03  5.915E-03  5.662E-03  5.261E-03  5.219E-03  5.525E-03  5.547E-03  5.253E-03  4.742E-03  4.046E-03  3.174E-03 
     16.200   5.334E-03  5.715E-03  5.837E-03  5.594E-03  5.128E-03  5.011E-03  5.198E-03  5.121E-03  4.742E-03  4.126E-03  3.305E-03  2.277E-03 
     21.600   5.115E-03  5.479E-03  5.619E-03  5.473E-03  5.188E-03  4.984E-03  4.844E-03  4.559E-03  4.046E-03  3.305E-03  2.325E-03  1.499E-03 
     27.000   5.038E-03  5.158E-03  5.196E-03  5.085E-03  4.869E-03  4.600E-03  4.274E-03  3.822E-03  3.175E-03  2.277E-03  1.499E-03  9.708E-04 
     32.400   4.527E-03  4.538E-03  4.504E-03  4.385E-03  4.170E-03  3.852E-03  3.423E-03  2.881E-03  2.118E-03  1.429E-03  9.474E-04  6.230E-04 
     37.800   3.554E-03  3.537E-03  3.483E-03  3.368E-03  3.167E-03  2.827E-03  2.262E-03  1.761E-03  1.266E-03  8.712E-04  5.905E-04  3.955E-04 
     43.200   2.177E-03  2.160E-03  2.116E-03  2.033E-03  1.890E-03  1.650E-03  1.299E-03  9.889E-04  7.327E-04  5.218E-04  3.626E-04  2.480E-04 
     48.600   1.176E-03  1.163E-03  1.134E-03  1.082E-03  9.977E-04  8.711E-04  7.145E-04  5.584E-04  4.211E-04  3.081E-04  2.196E-04  1.536E-04 
     54.000   6.342E-04  6.261E-04  6.081E-04  5.773E-04  5.303E-04  4.661E-04  3.895E-04  3.116E-04  2.403E-04  1.796E-04  1.310E-04  9.354E-05 
     59.400   3.380E-04  3.331E-04  3.226E-04  3.053E-04  2.803E-04  2.476E-04  2.098E-04  1.708E-04  1.342E-04  1.023E-04  7.598E-05  5.528E-05 
     67.500   1.444E-04  1.421E-04  1.374E-04  1.298E-04  1.192E-04  1.058E-04  9.048E-05  7.462E-05  5.952E-05  4.608E-05  3.478E-05  2.569E-05 
    0.000   -0.000    0.000    0.000    0.000    0.000    0.000    0.000
      0.000   4.510E-03  3.542E-03  2.170E-03  1.172E-03  6.324E-04  3.371E-04  1.440E-04 
      0.000   4.523E-03  3.526E-03  2.153E-03  1.160E-03  6.243E-04  3.322E-04  1.417E-04 
     -0.000   4.492E-03  3.474E-03  2.111E-03  1.132E-03  6.066E-04  3.218E-04  1.370E-04 
      0.000   4.376E-03  3.360E-03  2.028E-03  1.080E-03  5.760E-04  3.046E-04  1.295E-04 
      0.000   4.164E-03  3.161E-03  1.887E-03  9.958E-04  5.293E-04  2.797E-04  1.189E-04 
      0.000   3.848E-03  2.823E-03  1.648E-03  8.698E-04  4.654E-04  2.472E-04  1.056E-04 
     -0.000   3.421E-03  2.260E-03  1.298E-03  7.136E-04  3.890E-04  2.095E-04  9.034E-05 
      5.400   2.879E-03  1.759E-03  9.880E-04  5.578E-04  3.112E-04  1.706E-04  7.453E-05 
     10.800   2.117E-03  1.266E-03  7.322E-04  4.208E-04  2.400E-04  1.340E-04  5.945E-05 
     16.200   1.429E-03  8.709E-04  5.215E-04  3.079E-04  1.795E-04  1.022E-04  4.604E-05 
     21.600   9.473E-04  5.903E-04  3.624E-04  2.195E-04  1.309E-04  7.593E-05  3.475E-05 
     27.000   6.230E-04  3.954E-04  2.480E-04  1.535E-04  9.350E-05  5.525E-05  2.567E-05 
     32.400   4.061E-04  2.623E-04  1.676E-04  1.059E-04  6.574E-05  3.952E-05  1.862E-05 
     37.800   2.623E-04  1.724E-04  1.122E-04  7.218E-05  4.562E-05  2.785E-05  1.330E-05 
     43.200   1.677E-04  1.122E-04  7.435E-05  4.867E-05  3.127E-05  1.937E-05  9.355E-06 
     48.600   1.059E-04  7.219E-05  4.867E-05  3.239E-05  2.113E-05  1.326E-05  6.471E-06 
     54.000   6.576E-05  4.563E-05  3.127E-05  2.113E-05  1.397E-05  8.868E-06  4.367E-06 
     59.400   3.953E-05  2.786E-05  1.937E-05  1.326E-05  8.869E-06  5.682E-06  2.819E-06 
     67.500   1.863E-05  1.330E-05  9.357E-06  6.472E-06  4.368E-06  2.819E-06  1.408E-06 
