    0.000    5.400   10.800   16.200   21.600   27.000   32.400   37.800   43.200   48.600   54.000   59.400   64.800
      0.000   6.120E-03  6.077E-03  5.998E-03  5.913E-03  5.916E-03  5.938E-03  5.692E-03  5.004E-03  4.188E-03  3.409E-03  3.058E-03  2.892E-03 
      0.000   6.079E-03  6.039E-03  5.960E-03  5.854E-03  5.753E-03  5.646E-03  5.344E-03  4.789E-03  4.146E-03  3.511E-03  3.111E-03  2.861E-03 
     -0.000   6.002E-03  5.980E-03  5.921E-03  5.794E-03  5.601E-03  5.350E-03  5.010E-03  4.563E-03  4.025E-03  3.449E-03  3.060E-03  2.819E-03 
      0.000   5.897E-03  5.936E-03  5.975E-03  5.846E-03  5.527E-03  5.168E-03  4.784E-03  4.323E-03  3.794E-03  3.304E-03  2.978E-03  2.759E-03 
      0.000   5.743E-03  5.885E-03  6.041E-03  5.932E-03  5.482E-03  4.985E-03  4.557E-03  4.044E-03  3.378E-03  3.051E-03  2.886E-03  2.691E-03 
      0.000   5.492E-03  5.650E-03  5.848E-03  5.735E-03  5.238E-03  4.721E-03  4.287E-03  3.787E-03  3.199E-03  2.931E-03  2.795E-03  2.635E-03 
     -0.000   5.126E-03  5.189E-03  5.263E-03  5.116E-03  4.732E-03  4.334E-03  3.932E-03  3.487E-03  3.135E-03  2.892E-03  2.711E-03  2.611E-03 
      5.400   4.662E-03  4.662E-03  4.609E-03  4.425E-03  4.121E-03  3.824E-03  3.499E-03  3.207E-03  2.969E-03  2.786E-03  2.669E-03  2.656E-03 
     10.800   4.073E-03  4.087E-03  4.028E-03  3.828E-03  3.416E-03  3.227E-03  3.148E-03  2.972E-03  2.824E-03  2.722E-03  2.711E-03  2.854E-03 
     16.200   3.355E-03  3.483E-03  3.447E-03  3.318E-03  3.073E-03  2.950E-03  2.903E-03  2.790E-03  2.724E-03  2.740E-03  2.907E-03  3.241E-03 
     21.600   3.029E-03  3.097E-03  3.059E-03  2.985E-03  2.898E-03  2.806E-03  2.718E-03  2.672E-03  2.713E-03  2.907E-03  3.279E-03  3.422E-03 
     27.000   2.881E-03  2.857E-03  2.820E-03  2.764E-03  2.697E-03  2.641E-03  2.615E-03  2.659E-03  2.855E-03  3.242E-03  3.423E-03  3.315E-03 
     32.400   2.759E-03  2.742E-03  2.706E-03  2.655E-03  2.608E-03  2.609E-03  2.688E-03  2.828E-03  3.161E-03  3.341E-03  3.268E-03  3.008E-03 
     37.800   2.898E-03  2.876E-03  2.833E-03  2.777E-03  2.732E-03  2.781E-03  3.033E-03  3.156E-03  3.216E-03  3.137E-03  2.913E-03  2.591E-03 
     43.200   3.353E-03  3.324E-03  3.267E-03  3.190E-03  3.114E-03  3.088E-03  3.122E-03  3.078E-03  2.942E-03  2.729E-03  2.451E-03  2.131E-03 
     48.600   3.323E-03  3.291E-03  3.228E-03  3.139E-03  3.035E-03  2.928E-03  2.811E-03  2.658E-03  2.459E-03  2.218E-03  1.951E-03  1.671E-03 
     54.000   2.796E-03  2.766E-03  2.709E-03  2.625E-03  2.518E-03  2.393E-03  2.249E-03  2.081E-03  1.888E-03  1.677E-03  1.456E-03  1.236E-03 
     59.400   2.025E-03  2.002E-03  1.958E-03  1.892E-03  1.807E-03  1.704E-03  1.584E-03  1.449E-03  1.301E-03  1.145E-03  9.870E-04  8.333E-04 
     67.500   9.368E-04  9.260E-04  9.045E-04  8.726E-04  8.309E-04  7.801E-04  7.213E-04  6.557E-04  5.854E-04  5.127E-04  4.402E-04  3.705E-04 
    0.000   -0.000    0.000    0.000    0.000    0.000    0.000    0.000
      0.000   2.760E-03  2.894E-03  3.346E-03  3.316E-03  2.789E-03  2.020E-03  9.347E-04 
      0.000   2.741E-03  2.872E-03  3.317E-03  3.284E-03  2.760E-03  1.998E-03  9.240E-04 
     -0.000   2.703E-03  2.829E-03  3.261E-03  3.222E-03  2.703E-03  1.954E-03  9.026E-04 
      0.000   2.651E-03  2.773E-03  3.184E-03  3.133E-03  2.619E-03  1.888E-03  8.709E-04 
      0.000   2.603E-03  2.728E-03  3.109E-03  3.030E-03  2.514E-03  1.804E-03  8.294E-04 
      0.000   2.605E-03  2.777E-03  3.083E-03  2.923E-03  2.390E-03  1.701E-03  7.788E-04 
     -0.000   2.685E-03  3.029E-03  3.118E-03  2.808E-03  2.246E-03  1.582E-03  7.202E-04 
      5.400   2.825E-03  3.153E-03  3.075E-03  2.656E-03  2.079E-03  1.447E-03  6.549E-04 
     10.800   3.159E-03  3.213E-03  2.940E-03  2.457E-03  1.886E-03  1.299E-03  5.848E-04 
     16.200   3.339E-03  3.135E-03  2.728E-03  2.217E-03  1.676E-03  1.144E-03  5.122E-04 
     21.600   3.267E-03  2.912E-03  2.449E-03  1.950E-03  1.455E-03  9.864E-04  4.399E-04 
     27.000   3.008E-03  2.591E-03  2.130E-03  1.670E-03  1.235E-03  8.328E-04  3.703E-04 
     32.400   2.639E-03  2.221E-03  1.798E-03  1.395E-03  1.025E-03  6.883E-04  3.054E-04 
     37.800   2.221E-03  1.840E-03  1.473E-03  1.135E-03  8.304E-04  5.563E-04  2.465E-04 
     43.200   1.798E-03  1.473E-03  1.171E-03  8.984E-04  6.553E-04  4.383E-04  1.940E-04 
     48.600   1.395E-03  1.135E-03  8.984E-04  6.871E-04  5.003E-04  3.343E-04  1.480E-04 
     54.000   1.025E-03  8.306E-04  6.554E-04  5.004E-04  3.640E-04  2.432E-04  1.076E-04 
     59.400   6.886E-04  5.564E-04  4.383E-04  3.344E-04  2.432E-04  1.625E-04  7.191E-05 
     67.500   3.055E-04  2.465E-04  1.941E-04  1.480E-04  1.076E-04  7.191E-05  3.183E-05 
