Time(s) Avg. Tf  
-----------------
 0.000   286.00  
 0.005   286.00  
 0.010   286.00  
 0.015   286.00  
 0.020   286.00  
 0.025   286.00  
 0.030   286.00  
 0.035   286.00  
 0.040   286.00  
 0.045   286.00  
 0.050   286.00  
 0.055   286.00  
 0.060   286.00  
 0.065   286.00  
 0.070   286.00  
 0.075   286.00  
 0.080   286.00  
 0.085   286.00  
 0.090   286.00  
 0.095   286.00  
 0.100   286.00  
 0.105   286.00  
 0.110   286.00  
 0.115   286.00  
 0.120   286.00  
 0.125   286.00  
 0.130   286.00  
 0.135   286.00  
 0.140   286.00  
 0.145   286.00  
 0.150   286.00  
 0.155   286.00  
 0.160   286.00  
 0.165   286.00  
 0.170   286.00  
 0.175   286.00  
 0.180   286.00  
 0.185   286.00  
 0.190   286.00  
 0.195   286.00  
 0.200   286.00  
 0.205   286.00  
 0.210   286.00  
 0.215   286.00  
 0.220   286.00  
 0.225   286.00  
 0.230   286.00  
 0.235   286.00  
 0.240   286.00  
 0.245   286.00  
 0.250   286.00  
 0.255   286.00  
 0.260   286.00  
 0.265   286.00  
 0.270   286.00  
 0.275   286.00  
 0.280   286.00  
 0.285   286.00  
 0.290   286.00  
 0.295   286.00  
 0.300   286.00  
 0.305   286.00  
 0.310   286.00  
 0.315   286.01  
 0.320   286.01  
 0.325   286.01  
 0.330   286.01  
 0.335   286.01  
 0.340   286.01  
 0.345   286.01  
 0.350   286.01  
 0.355   286.01  
 0.360   286.01  
 0.365   286.01  
 0.370   286.01  
 0.375   286.02  
 0.380   286.02  
 0.385   286.02  
 0.390   286.02  
 0.395   286.02  
 0.400   286.02  
 0.405   286.03  
 0.410   286.03  
 0.415   286.03  
 0.420   286.03  
 0.425   286.04  
 0.430   286.04  
 0.435   286.05  
 0.440   286.05  
 0.445   286.05  
 0.450   286.06  
 0.455   286.06  
 0.460   286.07  
 0.465   286.08  
 0.470   286.08  
 0.475   286.09  
 0.480   286.10  
 0.485   286.11  
 0.490   286.12  
 0.495   286.13  
 0.500   286.14  
 0.505   286.16  
 0.510   286.17  
 0.515   286.19  
 0.520   286.21  
 0.525   286.22  
 0.530   286.25  
 0.535   286.27  
 0.540   286.29  
 0.545   286.32  
 0.550   286.35  
 0.555   286.38  
 0.560   286.42  
 0.565   286.45  
 0.570   286.49  
 0.575   286.54  
 0.580   286.59  
 0.585   286.64  
 0.590   286.69  
 0.595   286.75  
 0.600   286.82  
 0.605   286.89  
 0.610   286.97  
 0.615   287.05  
 0.620   287.14  
 0.625   287.24  
 0.630   287.34  
 0.635   287.45  
 0.640   287.57  
 0.645   287.69  
 0.650   287.83  
 0.655   287.97  
 0.660   288.12  
 0.665   288.28  
 0.670   288.45  
 0.675   288.62  
 0.680   288.81  
 0.685   289.00  
 0.690   289.21  
 0.695   289.42  
 0.700   289.64  
 0.705   289.86  
 0.710   290.09  
 0.715   290.33  
 0.720   290.58  
 0.725   290.83  
 0.730   291.08  
 0.735   291.34  
 0.740   291.60  
 0.745   291.86  
 0.750   292.12  
 0.755   292.38  
 0.760   292.64  
 0.765   292.90  
 0.770   293.16  
 0.775   293.41  
 0.780   293.66  
 0.785   293.90  
 0.790   294.15  
 0.795   294.39  
 0.800   294.63  
 0.805   294.85  
 0.810   295.08  
 0.815   295.29  
 0.820   295.50  
 0.825   295.71  
 0.830   295.90  
 0.835   296.10  
 0.840   296.28  
 0.845   296.46  
 0.850   296.64  
 0.855   296.81  
 0.860   296.98  
 0.865   297.14  
 0.870   297.30  
 0.875   297.45  
 0.880   297.60  
 0.885   297.74  
 0.890   297.89  
 0.895   298.03  
 0.900   298.16  
 0.905   298.29  
 0.910   298.42  
 0.915   298.55  
 0.920   298.68  
 0.925   298.80  
 0.930   298.92  
 0.935   299.04  
 0.940   299.15  
 0.945   299.27  
 0.950   299.38  
 0.955   299.49  
 0.960   299.60  
 0.965   299.71  
 0.970   299.81  
 0.975   299.92  
 0.980   300.02  
 0.985   300.12  
 0.990   300.22  
 0.995   300.32  
 1.000   300.42  
 1.100   302.32  
 1.200   304.07  
 1.300   305.53  
 1.400   306.82  
 1.500   307.97  
 1.600   309.01  
 1.700   309.96  
 1.800   310.83  
 1.900   311.64  
 2.000   312.38  
 2.100   313.07  
 2.200   313.72  
 2.300   314.33  
 2.400   314.90  
 2.500   315.41  
 2.600   315.92  
 2.700   316.40  
 2.800   316.85  
 2.900   317.28  
 3.000   317.69  
 3.100   318.08  
 3.200   318.45  
 3.300   318.80  
 3.400   319.14  
 3.500   319.47  
 3.600   319.78  
 3.700   320.07  
 3.800   320.36  
 3.900   320.64  
 4.000   320.90  
 4.100   321.16  
 4.200   321.40  
 4.300   321.64  
 4.400   321.87  
 4.500   322.09  
 4.600   322.30  
 4.700   322.51  
 4.800   322.71  
 4.900   322.91  
 5.000   323.10  