Time(s) Avg. Tf  
-----------------
 0.000   286.00  
 0.005   286.00  
 0.010   286.00  
 0.015   286.00  
 0.020   286.00  
 0.025   286.00  
 0.030   286.00  
 0.035   286.00  
 0.040   286.00  
 0.045   286.00  
 0.050   286.00  
 0.055   286.00  
 0.060   286.00  
 0.065   286.00  
 0.070   286.00  
 0.075   286.00  
 0.080   286.00  
 0.085   286.00  
 0.090   286.00  
 0.095   286.00  
 0.100   286.00  
 0.105   286.00  
 0.110   286.00  
 0.115   286.00  
 0.120   286.00  
 0.125   286.00  
 0.130   286.00  
 0.135   286.00  
 0.140   286.00  
 0.145   286.00  
 0.150   286.00  
 0.155   286.00  
 0.160   286.00  
 0.165   286.00  
 0.170   286.00  
 0.175   286.00  
 0.180   286.00  
 0.185   286.00  
 0.190   286.00  
 0.195   286.00  
 0.200   286.00  
 0.205   286.00  
 0.210   286.00  
 0.215   286.00  
 0.220   286.00  
 0.225   286.00  
 0.230   286.00  
 0.235   286.00  
 0.240   286.00  
 0.245   286.00  
 0.250   286.00  
 0.255   286.01  
 0.260   286.01  
 0.265   286.01  
 0.270   286.01  
 0.275   286.01  
 0.280   286.01  
 0.285   286.01  
 0.290   286.01  
 0.295   286.02  
 0.300   286.02  
 0.305   286.02  
 0.310   286.02  
 0.315   286.03  
 0.320   286.03  
 0.325   286.04  
 0.330   286.04  
 0.335   286.05  
 0.340   286.05  
 0.345   286.06  
 0.350   286.07  
 0.355   286.08  
 0.360   286.09  
 0.365   286.10  
 0.370   286.12  
 0.375   286.14  
 0.380   286.16  
 0.385   286.18  
 0.390   286.20  
 0.395   286.23  
 0.400   286.26  
 0.405   286.30  
 0.410   286.34  
 0.415   286.39  
 0.420   286.45  
 0.425   286.51  
 0.430   286.58  
 0.435   286.66  
 0.440   286.75  
 0.445   286.85  
 0.450   286.96  
 0.455   287.09  
 0.460   287.23  
 0.465   287.39  
 0.470   287.57  
 0.475   287.77  
 0.480   288.00  
 0.485   288.24  
 0.490   288.51  
 0.495   288.80  
 0.500   289.13  
 0.505   289.47  
 0.510   289.85  
 0.515   290.25  
 0.520   290.67  
 0.525   291.12  
 0.530   291.59  
 0.535   292.08  
 0.540   292.58  
 0.545   293.10  
 0.550   293.62  
 0.555   294.14  
 0.560   294.66  
 0.565   295.18  
 0.570   295.69  
 0.575   296.18  
 0.580   296.66  
 0.585   297.12  
 0.590   297.56  
 0.595   297.97  
 0.600   298.37  
 0.605   298.74  
 0.610   299.09  
 0.615   299.42  
 0.620   299.73  
 0.625   300.02  
 0.630   300.29  
 0.635   300.54  
 0.640   300.78  
 0.645   301.01  
 0.650   301.22  
 0.655   301.42  
 0.660   301.61  
 0.665   301.79  
 0.670   301.96  
 0.675   302.13  
 0.680   302.29  
 0.685   302.44  
 0.690   302.58  
 0.695   302.73  
 0.700   302.86  
 0.705   302.99  
 0.710   303.12  
 0.715   303.25  
 0.720   303.37  
 0.725   303.49  
 0.730   303.60  
 0.735   303.71  
 0.740   303.83  
 0.745   303.93  
 0.750   304.04  
 0.755   304.14  
 0.760   304.24  
 0.765   304.34  
 0.770   304.44  
 0.775   304.54  
 0.780   304.63  
 0.785   304.72  
 0.790   304.82  
 0.795   304.91  
 0.800   304.99  
 0.805   305.08  
 0.810   305.17  
 0.815   305.25  
 0.820   305.34  
 0.825   305.42  
 0.830   305.50  
 0.835   305.58  
 0.840   305.66  
 0.845   305.74  
 0.850   305.82  
 0.855   305.89  
 0.860   305.97  
 0.865   306.04  
 0.870   306.12  
 0.875   306.19  
 0.880   306.27  
 0.885   306.34  
 0.890   306.41  
 0.895   306.48  
 0.900   306.55  
 0.905   306.62  
 0.910   306.69  
 0.915   306.76  
 0.920   306.82  
 0.925   306.89  
 0.930   306.96  
 0.935   307.02  
 0.940   307.09  
 0.945   307.15  
 0.950   307.22  
 0.955   307.28  
 0.960   307.35  
 0.965   307.41  
 0.970   307.47  
 0.975   307.53  
 0.980   307.60  
 0.985   307.66  
 0.990   307.72  
 0.995   307.78  
 1.000   307.84  
 1.100   309.07  
 1.200   310.16  
 1.300   311.15  
 1.400   312.05  
 1.500   312.88  
 1.600   313.65  
 1.700   314.36  
 1.800   315.02  
 1.900   315.64  
 2.000   316.22  
 2.100   316.76  
 2.200   317.27  
 2.300   317.74  
 2.400   318.19  
 2.500   318.62  
 2.600   319.02  
 2.700   319.40  
 2.800   319.76  
 2.900   320.10  
 3.000   320.43  
 3.100   320.74  
 3.200   321.04  
 3.300   321.32  
 3.400   321.60  
 3.500   321.86  
 3.600   322.11  
 3.700   322.35  
 3.800   322.58  
 3.900   322.81  
 4.000   323.02  
 4.100   323.23  
 4.200   323.43  
 4.300   323.63  
 4.400   323.82  
 4.500   324.00  
 4.600   324.18  
 4.700   324.35  
 4.800   324.52  
 4.900   324.68  
 5.000   324.84  
