Time(s) Avg. Tf  
-----------------
 0.000   286.00  
 0.005   286.00  
 0.010   286.00  
 0.015   286.00  
 0.020   286.00  
 0.025   286.00  
 0.030   286.00  
 0.035   286.00  
 0.040   286.00  
 0.045   286.00  
 0.050   286.00  
 0.055   286.00  
 0.060   286.00  
 0.065   286.00  
 0.070   286.00  
 0.075   286.00  
 0.080   286.00  
 0.085   286.00  
 0.090   286.00  
 0.095   286.00  
 0.100   286.00  
 0.105   286.00  
 0.110   286.00  
 0.115   286.00  
 0.120   286.00  
 0.125   286.00  
 0.130   286.00  
 0.135   286.00  
 0.140   286.00  
 0.145   286.00  
 0.150   286.00  
 0.155   286.00  
 0.160   286.00  
 0.165   286.00  
 0.170   286.00  
 0.175   286.00  
 0.180   286.00  
 0.185   286.00  
 0.190   286.00  
 0.195   286.00  
 0.200   286.00  
 0.205   286.00  
 0.210   286.00  
 0.215   286.00  
 0.220   286.00  
 0.225   286.00  
 0.230   286.00  
 0.235   286.00  
 0.240   286.00  
 0.245   286.00  
 0.250   286.01  
 0.255   286.01  
 0.260   286.01  
 0.265   286.01  
 0.270   286.01  
 0.275   286.01  
 0.280   286.01  
 0.285   286.01  
 0.290   286.02  
 0.295   286.02  
 0.300   286.02  
 0.305   286.02  
 0.310   286.03  
 0.315   286.03  
 0.320   286.04  
 0.325   286.04  
 0.330   286.05  
 0.335   286.05  
 0.340   286.06  
 0.345   286.07  
 0.350   286.08  
 0.355   286.09  
 0.360   286.11  
 0.365   286.12  
 0.370   286.14  
 0.375   286.16  
 0.380   286.19  
 0.385   286.22  
 0.390   286.25  
 0.395   286.28  
 0.400   286.32  
 0.405   286.37  
 0.410   286.42  
 0.415   286.48  
 0.420   286.55  
 0.425   286.63  
 0.430   286.72  
 0.435   286.82  
 0.440   286.94  
 0.445   287.07  
 0.450   287.21  
 0.455   287.38  
 0.460   287.56  
 0.465   287.77  
 0.470   287.99  
 0.475   288.25  
 0.480   288.53  
 0.485   288.84  
 0.490   289.17  
 0.495   289.54  
 0.500   289.94  
 0.505   290.36  
 0.510   290.82  
 0.515   291.30  
 0.520   291.80  
 0.525   292.32  
 0.530   292.86  
 0.535   293.41  
 0.540   293.97  
 0.545   294.54  
 0.550   295.10  
 0.555   295.65  
 0.560   296.19  
 0.565   296.72  
 0.570   297.22  
 0.575   297.71  
 0.580   298.17  
 0.585   298.61  
 0.590   299.02  
 0.595   299.41  
 0.600   299.77  
 0.605   300.11  
 0.610   300.43  
 0.615   300.72  
 0.620   301.00  
 0.625   301.25  
 0.630   301.49  
 0.635   301.72  
 0.640   301.93  
 0.645   302.13  
 0.650   302.32  
 0.655   302.50  
 0.660   302.67  
 0.665   302.83  
 0.670   302.98  
 0.675   303.13  
 0.680   303.28  
 0.685   303.41  
 0.690   303.55  
 0.695   303.68  
 0.700   303.80  
 0.705   303.92  
 0.710   304.04  
 0.715   304.16  
 0.720   304.27  
 0.725   304.38  
 0.730   304.49  
 0.735   304.59  
 0.740   304.70  
 0.745   304.80  
 0.750   304.90  
 0.755   304.99  
 0.760   305.09  
 0.765   305.18  
 0.770   305.27  
 0.775   305.36  
 0.780   305.45  
 0.785   305.54  
 0.790   305.63  
 0.795   305.71  
 0.800   305.80  
 0.805   305.88  
 0.810   305.96  
 0.815   306.04  
 0.820   306.12  
 0.825   306.20  
 0.830   306.28  
 0.835   306.35  
 0.840   306.43  
 0.845   306.50  
 0.850   306.58  
 0.855   306.65  
 0.860   306.72  
 0.865   306.79  
 0.870   306.86  
 0.875   306.93  
 0.880   307.00  
 0.885   307.07  
 0.890   307.14  
 0.895   307.21  
 0.900   307.27  
 0.905   307.34  
 0.910   307.41  
 0.915   307.47  
 0.920   307.54  
 0.925   307.60  
 0.930   307.66  
 0.935   307.73  
 0.940   307.79  
 0.945   307.85  
 0.950   307.91  
 0.955   307.98  
 0.960   308.04  
 0.965   308.10  
 0.970   308.16  
 0.975   308.22  
 0.980   308.28  
 0.985   308.34  
 0.990   308.40  
 0.995   308.45  
 1.000   308.51  
 1.100   309.68  
 1.200   310.74  
 1.300   311.70  
 1.400   312.57  
 1.500   313.37  
 1.600   314.11  
 1.700   314.80  
 1.800   315.43  
 1.900   316.03  
 2.000   316.58  
 2.100   317.10  
 2.200   317.59  
 2.300   318.05  
 2.400   318.48  
 2.500   318.89  
 2.600   319.28  
 2.700   319.64  
 2.800   319.99  
 2.900   320.32  
 3.000   320.63  
 3.100   320.93  
 3.200   321.22  
 3.300   321.49  
 3.400   321.75  
 3.500   322.01  
 3.600   322.25  
 3.700   322.48  
 3.800   322.70  
 3.900   322.91  
 4.000   323.12  
 4.100   323.32  
 4.200   323.51  
 4.300   323.70  
 4.400   323.88  
 4.500   324.06  
 4.600   324.23  
 4.700   324.39  
 4.800   324.55  
 4.900   324.71  
 5.000   324.86  
