Time(s) 	Rel. Power      React.($)  	  CR Bank Pos.
------     ----------		---------		--------
 0.000		 1.0000E+00		 0.0000			180.00 
 0.250		 1.0029E+00		 0.0031			180.00 
 0.500		 1.0069E+00		 0.0065			180.00 
 0.750		 1.0105E+00		 0.0096			180.00 
 1.000		 1.0157E+00		 0.0133			180.00 
 1.250		 1.0196E+00		 0.0163			180.00 
 1.500		 1.0247E+00		 0.0198			180.00 
 1.750		 1.0313E+00		 0.0238			180.00 
 2.000		 1.0356E+00		 0.0268			180.00 
 2.250		 1.0428E+00		 0.0308			180.00 
 2.500		 1.0473E+00		 0.0337			180.00 
 2.750		 1.0536E+00		 0.0372			180.00 
 3.000		 1.0600E+00		 0.0407			180.00 
 3.250		 1.0672E+00		 0.0444			180.00 
 3.500		 1.0742E+00		 0.0479			180.00 
 3.750		 1.0815E+00		 0.0515			180.00 
 4.000		 1.0890E+00		 0.0550			180.00 
 4.250		 1.0967E+00		 0.0585			180.00 
 4.500		 1.1042E+00		 0.0619			180.00 
 4.750		 1.1142E+00		 0.0661			180.00 
 5.000		 1.1211E+00		 0.0690			180.00 
 5.250		 1.1310E+00		 0.0731			180.00 
 5.500		 1.1400E+00		 0.0766			180.00 
 5.750		 1.1498E+00		 0.0803			180.00 
 6.000		 1.1589E+00		 0.0837			180.00 
 6.250		 1.1698E+00		 0.0876			180.00 
 6.500		 1.1803E+00		 0.0913			180.00 
 6.750		 1.1909E+00		 0.0947			180.00 
 7.000		 1.2004E+00		 0.0972			180.00 
 7.250		 1.2108E+00		 0.0999			180.00 
 7.500		 1.2200E+00		 0.1022			180.00 
 7.750		 1.2297E+00		 0.1043			179.25 
 8.000		 1.2397E+00		 0.1063			178.50 
 8.250		 1.2482E+00		 0.1079			177.75 
 8.500		 1.2579E+00		 0.1098			177.00 
 8.750		 1.2672E+00		 0.1116			176.25 
 9.000		 1.2775E+00		 0.1136			175.50 
 9.250		 1.2872E+00		 0.1155			174.75 
 9.500		 1.2971E+00		 0.1173			174.00 
 9.750		 1.3080E+00		 0.1194			173.25 
10.000		 1.3183E+00		 0.1212			172.50 
10.250		 1.3296E+00		 0.1233			171.75 
10.500		 1.3405E+00		 0.1253			171.00 
10.750		 1.3530E+00		 0.1276			170.25 
11.000		 1.3632E+00		 0.1292			169.50 
11.250		 1.3746E+00		 0.1312			168.75 
11.500		 1.3871E+00		 0.1334			168.00 
11.750		 1.3994E+00		 0.1354			167.25 
12.000		 1.4114E+00		 0.1374			166.50 
12.250		 1.4249E+00		 0.1396			165.75 
12.500		 1.4377E+00		 0.1417			165.00 
12.750		 1.4518E+00		 0.1440			164.25 
13.000		 1.4653E+00		 0.1460			163.50 
13.250		 1.4791E+00		 0.1481			162.75 
13.500		 1.4910E+00		 0.1492			162.00 
13.750		 1.5035E+00		 0.1501			161.25 
14.000		 1.5161E+00		 0.1510			160.50 
14.250		 1.5255E+00		 0.1508			159.75 
14.500		 1.5332E+00		 0.1495			159.00 
14.750		 1.5407E+00		 0.1483			158.25 
15.000		 1.5470E+00		 0.1468			157.50 
15.250		 1.5549E+00		 0.1459			156.75 
15.500		 1.5633E+00		 0.1450			156.00 
15.750		 1.5710E+00		 0.1440			155.25 
16.000		 1.5764E+00		 0.1426			154.50 
16.250		 1.5831E+00		 0.1416			153.75 
16.500		 1.5876E+00		 0.1400			153.00 
16.750		 1.5949E+00		 0.1392			152.25 
17.000		 1.5996E+00		 0.1378			151.50 
17.250		 1.6052E+00		 0.1367			150.75 
17.500		 1.6126E+00		 0.1361			150.00 
17.750		 1.6170E+00		 0.1347			149.25 
18.000		 1.6223E+00		 0.1337			148.50 
18.250		 1.6277E+00		 0.1327			147.75 
18.500		 1.6348E+00		 0.1322			147.00 
18.750		 1.6377E+00		 0.1306			146.25 
19.000		 1.6434E+00		 0.1298			145.50 
19.250		 1.6487E+00		 0.1290			144.75 
19.500		 1.6564E+00		 0.1287			144.00 
19.750		 1.6597E+00		 0.1273			143.25 
20.000		 1.6670E+00		 0.1270			142.50 
20.250		 1.6673E+00		 0.1245			141.75 
20.500		 1.6701E+00		 0.1227			141.00 
20.750		 1.6713E+00		 0.1205			140.25 
21.000		 1.6712E+00		 0.1172			139.50 
21.250		 1.6684E+00		 0.1129			138.75 
21.500		 1.6630E+00		 0.1082			138.00 
21.750		 1.6591E+00		 0.1040			137.25 
22.000		 1.6529E+00		 0.0993			136.50 
22.250		 1.6477E+00		 0.0950			135.75 
22.500		 1.6405E+00		 0.0904			135.00 
22.750		 1.6348E+00		 0.0862			134.25 
23.000		 1.6280E+00		 0.0819			133.50 
23.250		 1.6227E+00		 0.0780			132.75 
23.500		 1.6139E+00		 0.0733			132.00 
23.750		 1.6065E+00		 0.0690			131.25 
24.000		 1.5987E+00		 0.0648			130.50 
24.250		 1.5909E+00		 0.0607			129.75 
24.500		 1.5829E+00		 0.0565			129.00 
24.750		 1.5742E+00		 0.0522			128.25 
25.000		 1.5657E+00		 0.0481			127.50 
25.250		 1.5570E+00		 0.0440			126.75 
25.500		 1.5482E+00		 0.0399			126.00 
25.750		 1.5391E+00		 0.0359			125.25 
26.000		 1.5287E+00		 0.0315			124.50 
26.250		 1.5206E+00		 0.0278			123.75 
26.500		 1.5126E+00		 0.0242			123.00 
26.750		 1.5025E+00		 0.0200			122.25 
27.000		 1.4911E+00		 0.0152			121.50 
27.250		 1.4798E+00		 0.0107			120.75 
27.500		 1.4703E+00		 0.0067			120.00 
27.750		 1.4559E+00		 0.0000			119.25 
28.000		 1.4421E+00		-0.0063			118.50 
28.250		 1.4275E+00		-0.0128			117.75 
28.500		 1.4114E+00		-0.0197			117.00 
28.750		 1.3988E+00		-0.0254			116.25 
29.000		 1.3849E+00		-0.0315			115.50 
29.250		 1.3690E+00		-0.0382			114.75 
29.500		 1.3541E+00		-0.0446			114.00 
29.750		 1.3391E+00		-0.0509			113.25 
30.000		 1.3249E+00		-0.0569			112.50 
30.250		 1.3079E+00		-0.0639			111.75 
30.500		 1.2931E+00		-0.0701			111.00 
30.750		 1.2790E+00		-0.0759			110.25 
31.000		 1.2656E+00		-0.0816			109.50 
31.250		 1.2505E+00		-0.0879			108.75 
31.500		 1.2349E+00		-0.0943			108.00 
31.750		 1.2206E+00		-0.1003			107.25 
32.000		 1.2058E+00		-0.1064			106.50 
32.250		 1.1935E+00		-0.1115			105.75 
32.500		 1.1772E+00		-0.1184			105.00 
32.750		 1.1628E+00		-0.1244			104.25 
33.000		 1.1486E+00		-0.1304			103.50 
33.250		 1.1342E+00		-0.1364			102.75 
33.500		 1.1205E+00		-0.1422			102.00 
33.750		 1.1071E+00		-0.1479			101.25 
34.000		 1.0937E+00		-0.1536			100.50 
34.250		 1.0800E+00		-0.1597			 99.75 
34.500		 1.0656E+00		-0.1664			 99.00 
34.750		 1.0522E+00		-0.1727			 98.25 
35.000		 1.0379E+00		-0.1795			 97.50 
35.250		 1.0236E+00		-0.1863			 96.75 
35.500		 1.0102E+00		-0.1927			 96.00 
35.750		 9.9565E-01		-0.1997			 95.25 
36.000		 9.8269E-01		-0.2060			 94.50 
36.250		 9.6921E-01		-0.2125			 93.75 
36.500		 9.5595E-01		-0.2190			 93.00 
36.750		 9.4269E-01		-0.2256			 92.25 
37.000		 9.2961E-01		-0.2322			 91.50 
37.250		 9.1695E-01		-0.2385			 90.75 
37.500		 9.0452E-01		-0.2448			 90.00 
37.750		 8.9205E-01		-0.2511			 89.25 
38.000		 8.7968E-01		-0.2575			 88.50 
38.250		 8.6757E-01		-0.2638			 87.75 
38.500		 8.5560E-01		-0.2702			 87.00 
38.750		 8.4423E-01		-0.2761			 86.25 
39.000		 8.3261E-01		-0.2823			 85.50 
39.250		 8.2107E-01		-0.2886			 84.75 
39.500		 8.0965E-01		-0.2948			 84.00 
39.750		 7.9863E-01		-0.3009			 83.25 
40.000		 7.8721E-01		-0.3073			 82.50 
40.250		 7.7663E-01		-0.3132			 81.75 
40.500		 7.6591E-01		-0.3193			 81.00 
40.750		 7.5537E-01		-0.3254			 80.25 
41.000		 7.4522E-01		-0.3309			 79.50 
41.250		 7.3595E-01		-0.3358			 78.75 
41.500		 7.2598E-01		-0.3413			 78.00 
41.750		 7.1624E-01		-0.3467			 77.25 
42.000		 7.0683E-01		-0.3520			 76.50 
42.250		 6.9759E-01		-0.3572			 75.75 
42.500		 6.8831E-01		-0.3625			 75.00 
42.750		 6.7975E-01		-0.3673			 74.25 
43.000		 6.7099E-01		-0.3724			 73.50 
43.250		 6.6231E-01		-0.3775			 72.75 
43.500		 6.5343E-01		-0.3830			 72.00 
43.750		 6.4526E-01		-0.3878			 71.25 
44.000		 6.3701E-01		-0.3928			 70.50 
44.250		 6.2890E-01		-0.3978			 69.75 
44.500		 6.2091E-01		-0.4027			 69.00 
44.750		 6.1311E-01		-0.4076			 68.25 
45.000		 6.0543E-01		-0.4125			 67.50 
45.250		 5.9773E-01		-0.4174			 66.75 
45.500		 5.9025E-01		-0.4223			 66.00 
45.750		 5.8286E-01		-0.4271			 65.25 
46.000		 5.7566E-01		-0.4319			 64.50 
46.250		 5.6851E-01		-0.4367			 63.75 
46.500		 5.6110E-01		-0.4419			 63.00 
46.750		 5.5445E-01		-0.4463			 62.25 
47.000		 5.4725E-01		-0.4514			 61.50 
47.250		 5.4080E-01		-0.4558			 60.75 
47.500		 5.3431E-01		-0.4603			 60.00 
47.750		 5.2943E-01		-0.4605			 60.00 
48.000		 5.2499E-01		-0.4602			 60.00 
48.250		 5.2039E-01		-0.4603			 60.00 
48.500		 5.1608E-01		-0.4602			 60.00 
48.750		 5.1181E-01		-0.4602			 60.00 
49.000		 5.0756E-01		-0.4603			 60.00 
49.250		 5.0348E-01		-0.4603			 60.00 
49.500		 4.9942E-01		-0.4603			 60.00 
49.750		 4.9550E-01		-0.4603			 60.00 
50.000		 4.9162E-01		-0.4603			 60.00 
50.250		 4.8782E-01		-0.4603			 60.00 
50.500		 4.8411E-01		-0.4603			 60.00 
50.750		 4.8044E-01		-0.4603			 60.00 
51.000		 4.7687E-01		-0.4603			 60.00 
51.250		 4.7333E-01		-0.4603			 60.00 
51.500		 4.6987E-01		-0.4603			 60.00 
51.750		 4.6645E-01		-0.4603			 60.00 
52.000		 4.6313E-01		-0.4603			 60.00 
52.250		 4.5979E-01		-0.4604			 60.00 
52.500		 4.5658E-01		-0.4603			 60.00 
52.750		 4.5340E-01		-0.4603			 60.00 
53.000		 4.5021E-01		-0.4604			 60.00 
53.250		 4.4712E-01		-0.4604			 60.00 
53.500		 4.4393E-01		-0.4606			 60.00 
53.750		 4.4114E-01		-0.4603			 60.00 
54.000		 4.3798E-01		-0.4606			 60.00 
54.250		 4.3522E-01		-0.4603			 60.00 
54.500		 4.3245E-01		-0.4602			 60.00 
54.750		 4.2948E-01		-0.4604			 60.00 
55.000		 4.2673E-01		-0.4604			 60.00 
55.250		 4.2405E-01		-0.4603			 60.00 
55.500		 4.2125E-01		-0.4604			 60.00 
55.750		 4.1858E-01		-0.4604			 60.00 
56.000		 4.1596E-01		-0.4603			 60.00 
56.250		 4.1343E-01		-0.4602			 60.00 
56.500		 4.1073E-01		-0.4604			 60.00 
56.750		 4.0821E-01		-0.4604			 60.00 
57.000		 4.0573E-01		-0.4603			 60.00 
57.250		 4.0332E-01		-0.4602			 60.00 
57.500		 4.0077E-01		-0.4604			 60.00 
57.750		 3.9838E-01		-0.4604			 60.00 
58.000		 3.9604E-01		-0.4603			 60.00 
58.250		 3.9359E-01		-0.4604			 60.00 
58.500		 3.9124E-01		-0.4604			 60.00 
58.750		 3.8895E-01		-0.4604			 60.00 
59.000		 3.8669E-01		-0.4604			 60.00 
59.250		 3.8444E-01		-0.4604			 60.00 
59.500		 3.8221E-01		-0.4604			 60.00 
59.750		 3.8006E-01		-0.4602			 60.00 
60.000		 3.7779E-01		-0.4604			 60.00 
