Time(s)Max. Tf
--------------
 0.000  286.00
 0.005  286.00
 0.010  286.00
 0.015  286.00
 0.020  286.00
 0.025  286.00
 0.030  286.00
 0.035  286.00
 0.040  286.00
 0.045  286.00
 0.050  286.00
 0.055  286.00
 0.060  286.00
 0.065  286.00
 0.070  286.00
 0.075  286.00
 0.080  286.00
 0.085  286.00
 0.090  286.00
 0.095  286.00
 0.100  286.00
 0.105  286.00
 0.110  286.00
 0.115  286.00
 0.120  286.00
 0.125  286.00
 0.130  286.00
 0.135  286.00
 0.140  286.00
 0.145  286.00
 0.150  286.00
 0.155  286.00
 0.160  286.00
 0.165  286.00
 0.170  286.00
 0.175  286.00
 0.180  286.01
 0.185  286.01
 0.190  286.01
 0.195  286.01
 0.200  286.01
 0.205  286.01
 0.210  286.01
 0.215  286.01
 0.220  286.02
 0.225  286.02
 0.230  286.02
 0.235  286.02
 0.240  286.03
 0.245  286.03
 0.250  286.04
 0.255  286.04
 0.260  286.05
 0.265  286.05
 0.270  286.06
 0.275  286.07
 0.280  286.08
 0.285  286.10
 0.290  286.11
 0.295  286.13
 0.300  286.14
 0.305  286.17
 0.310  286.19
 0.315  286.22
 0.320  286.25
 0.325  286.29
 0.330  286.33
 0.335  286.38
 0.340  286.44
 0.345  286.50
 0.350  286.58
 0.355  286.66
 0.360  286.76
 0.365  286.87
 0.370  287.00
 0.375  287.14
 0.380  287.31
 0.385  287.50
 0.390  287.72
 0.395  287.97
 0.400  288.25
 0.405  288.58
 0.410  288.95
 0.415  289.38
 0.420  289.86
 0.425  290.41
 0.430  291.03
 0.435  291.74
 0.440  292.54
 0.445  293.45
 0.450  294.47
 0.455  295.61
 0.460  296.90
 0.465  298.34
 0.470  299.95
 0.475  301.73
 0.480  303.70
 0.485  305.87
 0.490  308.25
 0.495  310.84
 0.500  313.64
 0.505  316.66
 0.510  319.88
 0.515  323.31
 0.520  326.91
 0.525  330.68
 0.530  334.59
 0.535  338.61
 0.540  342.70
 0.545  346.85
 0.550  351.01
 0.555  355.16
 0.560  359.27
 0.565  363.31
 0.570  367.25
 0.575  371.08
 0.580  374.78
 0.585  378.33
 0.590  381.74
 0.595  384.99
 0.600  388.09
 0.605  391.04
 0.610  393.85
 0.615  396.52
 0.620  399.06
 0.625  401.47
 0.630  403.78
 0.635  405.98
 0.640  408.08
 0.645  410.09
 0.650  412.03
 0.655  413.89
 0.660  415.68
 0.665  417.42
 0.670  419.09
 0.675  420.72
 0.680  422.30
 0.685  423.84
 0.690  425.34
 0.695  426.80
 0.700  428.23
 0.705  429.62
 0.710  430.99
 0.715  432.33
 0.720  433.64
 0.725  434.93
 0.730  436.20
 0.735  437.44
 0.740  438.67
 0.745  439.87
 0.750  441.05
 0.755  442.22
 0.760  443.37
 0.765  444.50
 0.770  445.62
 0.775  446.72
 0.780  447.81
 0.785  448.88
 0.790  449.94
 0.795  450.99
 0.800  452.02
 0.805  453.04
 0.810  454.05
 0.815  455.05
 0.820  456.04
 0.825  457.02
 0.830  457.99
 0.835  458.95
 0.840  459.89
 0.845  460.83
 0.850  461.76
 0.855  462.69
 0.860  463.60
 0.865  464.51
 0.870  465.40
 0.875  466.29
 0.880  467.18
 0.885  468.05
 0.890  468.92
 0.895  469.79
 0.900  470.64
 0.905  471.49
 0.910  472.34
 0.915  473.17
 0.920  474.01
 0.925  474.83
 0.930  475.65
 0.935  476.47
 0.940  477.28
 0.945  478.08
 0.950  478.88
 0.955  479.68
 0.960  480.47
 0.965  481.25
 0.970  482.04
 0.975  482.81
 0.980  483.58
 0.985  484.35
 0.990  485.12
 0.995  485.88
 1.000  486.63
 1.100  501.39
 1.200  515.13
 1.300  527.86
 1.400  539.70
 1.500  550.74
 1.600  561.05
 1.700  570.70
 1.800  579.73
 1.900  588.20
 2.000  596.15
 2.100  603.62
 2.200  610.66
 2.300  617.28
 2.400  623.54
 2.500  629.45
 2.600  635.04
 2.700  640.34
 2.800  645.36
 2.900  650.14
 3.000  654.69
 3.100  659.02
 3.200  663.15
 3.300  667.10
 3.400  670.88
 3.500  674.49
 3.600  677.96
 3.700  681.29
 3.800  684.49
 3.900  687.57
 4.000  690.54
 4.100  693.40
 4.200  696.16
 4.300  698.83
 4.400  701.41
 4.500  703.91
 4.600  706.33
 4.700  708.68
 4.800  710.97
 4.900  713.19
 5.000  715.35
