 Time(s) Max. Tf
------------------
  0.000   286.00
  0.005   286.00
  0.010   286.00
  0.015   286.00
  0.020   286.00
  0.025   286.00
  0.030   286.00
  0.035   286.00
  0.040   286.00
  0.045   286.00
  0.050   286.00
  0.055   286.00
  0.060   286.00
  0.065   286.00
  0.070   286.00
  0.075   286.00
  0.080   286.00
  0.085   286.00
  0.090   286.00
  0.095   286.00
  0.100   286.00
  0.105   286.00
  0.110   286.00
  0.115   286.00
  0.120   286.00
  0.125   286.00
  0.130   286.00
  0.135   286.00
  0.140   286.00
  0.145   286.00
  0.150   286.00
  0.155   286.00
  0.160   286.00
  0.165   286.00
  0.170   286.00
  0.175   286.00
  0.180   286.00
  0.185   286.00
  0.190   286.00
  0.195   286.00
  0.200   286.00
  0.205   286.00
  0.210   286.00
  0.215   286.01
  0.220   286.01
  0.225   286.01
  0.230   286.01
  0.235   286.01
  0.240   286.01
  0.245   286.01
  0.250   286.01
  0.255   286.01
  0.260   286.01
  0.265   286.01
  0.270   286.01
  0.275   286.02
  0.280   286.02
  0.285   286.02
  0.290   286.02
  0.295   286.02
  0.300   286.03
  0.305   286.03
  0.310   286.03
  0.315   286.03
  0.320   286.04
  0.325   286.04
  0.330   286.04
  0.335   286.05
  0.340   286.05
  0.345   286.06
  0.350   286.06
  0.355   286.07
  0.360   286.08
  0.365   286.08
  0.370   286.09
  0.375   286.10
  0.380   286.11
  0.385   286.12
  0.390   286.13
  0.395   286.14
  0.400   286.16
  0.405   286.17
  0.410   286.19
  0.415   286.21
  0.420   286.23
  0.425   286.25
  0.430   286.27
  0.435   286.30
  0.440   286.32
  0.445   286.35
  0.450   286.39
  0.455   286.42
  0.460   286.46
  0.465   286.51
  0.470   286.55
  0.475   286.61
  0.480   286.66
  0.485   286.73
  0.490   286.79
  0.495   286.87
  0.500   286.95
  0.505   287.04
  0.510   287.13
  0.515   287.24
  0.520   287.35
  0.525   287.48
  0.530   287.61
  0.535   287.76
  0.540   287.92
  0.545   288.10
  0.550   288.29
  0.555   288.50
  0.560   288.73
  0.565   288.97
  0.570   289.24
  0.575   289.53
  0.580   289.85
  0.585   290.19
  0.590   290.56
  0.595   290.97
  0.600   291.40
  0.605   291.87
  0.610   292.38
  0.615   292.92
  0.620   293.51
  0.625   294.15
  0.630   294.83
  0.635   295.56
  0.640   296.34
  0.645   297.17
  0.650   298.06
  0.655   299.01
  0.660   300.01
  0.665   301.08
  0.670   302.20
  0.675   303.39
  0.680   304.64
  0.685   305.95
  0.690   307.32
  0.695   308.75
  0.700   310.23
  0.705   311.77
  0.710   313.36
  0.715   315.00
  0.720   316.69
  0.725   318.42
  0.730   320.18
  0.735   321.97
  0.740   323.79
  0.745   325.62
  0.750   327.47
  0.755   329.33
  0.760   331.20
  0.765   333.06
  0.770   334.92
  0.775   336.77
  0.780   338.61
  0.785   340.43
  0.790   342.26
  0.795   344.06
  0.800   345.83
  0.805   347.58
  0.810   349.29
  0.815   350.98
  0.820   352.63
  0.825   354.24
  0.830   355.82
  0.835   357.37
  0.840   358.89
  0.845   360.37
  0.850   361.83
  0.855   363.26
  0.860   364.65
  0.865   366.02
  0.870   367.37
  0.875   368.68
  0.880   369.98
  0.885   371.25
  0.890   372.50
  0.895   373.72
  0.900   374.93
  0.905   376.12
  0.910   377.29
  0.915   378.44
  0.920   379.57
  0.925   380.69
  0.930   381.80
  0.935   382.88
  0.940   383.96
  0.945   385.02
  0.950   386.06
  0.955   387.10
  0.960   388.12
  0.965   389.13
  0.970   390.13
  0.975   391.12
  0.980   392.10
  0.985   393.06
  0.990   394.02
  0.995   394.97
  1.000   395.90
  1.100   414.11
  1.200   431.17
  1.300   446.23
  1.400   459.95
  1.500   472.50
  1.600   484.09
  1.700   494.85
  1.800   504.87
  1.900   514.25
  2.000   523.03
  2.100   531.27
  2.200   539.02
  2.300   546.34
  2.400   553.25
  2.500   559.60
  2.600   565.75
  2.700   571.58
  2.800   577.12
  2.900   582.38
  3.000   587.38
  3.100   592.15
  3.200   596.69
  3.300   601.04
  3.400   605.19
  3.500   609.16
  3.600   612.96
  3.700   616.61
  3.800   620.11
  3.900   623.47
  4.000   626.71
  4.100   629.83
  4.200   632.83
  4.300   635.73
  4.400   638.52
  4.500   641.23
  4.600   643.84
  4.700   646.37
  4.800   648.82
  4.900   651.20
  5.000   653.51

