Time(s)  React.($)
------------------
 0.000    0.0000  
 0.005    0.0024  
 0.010    0.0104  
 0.015    0.0289  
 0.020    0.0622  
 0.025    0.1132  
 0.030    0.1855  
 0.035    0.2713  
 0.040    0.3727  
 0.045    0.4754  
 0.050    0.5773  
 0.055    0.6724  
 0.060    0.7546  
 0.065    0.8281  
 0.070    0.8854  
 0.075    0.9339  
 0.080    0.9705  
 0.085    0.9975  
 0.090    1.0159  
 0.095    1.0254  
 0.100    1.0284  
 0.105    1.0293  
 0.110    1.0302  
 0.115    1.0307  
 0.120    1.0312  
 0.125    1.0317  
 0.130    1.0320  
 0.135    1.0323  
 0.140    1.0326  
 0.145    1.0328  
 0.150    1.0330  
 0.155    1.0332  
 0.160    1.0334  
 0.165    1.0335  
 0.170    1.0336  
 0.175    1.0337  
 0.180    1.0338  
 0.185    1.0339  
 0.190    1.0340  
 0.195    1.0341  
 0.200    1.0341  
 0.205    1.0342  
 0.210    1.0342  
 0.215    1.0343  
 0.220    1.0343  
 0.225    1.0344  
 0.230    1.0344  
 0.235    1.0344  
 0.240    1.0344  
 0.245    1.0345  
 0.250    1.0345  
 0.255    1.0345  
 0.260    1.0345  
 0.265    1.0346  
 0.270    1.0346  
 0.275    1.0346  
 0.280    1.0346  
 0.285    1.0346  
 0.290    1.0346  
 0.295    1.0346  
 0.300    1.0346  
 0.305    1.0346  
 0.310    1.0346  
 0.315    1.0346  
 0.320    1.0346  
 0.325    1.0346  
 0.330    1.0346  
 0.335    1.0346  
 0.340    1.0346  
 0.345    1.0346  
 0.350    1.0346  
 0.355    1.0346  
 0.360    1.0346  
 0.365    1.0346  
 0.370    1.0346  
 0.375    1.0346  
 0.380    1.0345  
 0.385    1.0345  
 0.390    1.0345  
 0.395    1.0345  
 0.400    1.0345  
 0.405    1.0344  
 0.410    1.0344  
 0.415    1.0344  
 0.420    1.0343  
 0.425    1.0343  
 0.430    1.0343  
 0.435    1.0342  
 0.440    1.0342  
 0.445    1.0341  
 0.450    1.0340  
 0.455    1.0340  
 0.460    1.0339  
 0.465    1.0338  
 0.470    1.0337  
 0.475    1.0336  
 0.480    1.0335  
 0.485    1.0334  
 0.490    1.0333  
 0.495    1.0332  
 0.500    1.0330  
 0.505    1.0329  
 0.510    1.0327  
 0.515    1.0325  
 0.520    1.0323  
 0.525    1.0321  
 0.530    1.0318  
 0.535    1.0316  
 0.540    1.0313  
 0.545    1.0309  
 0.550    1.0306  
 0.555    1.0302  
 0.560    1.0298  
 0.565    1.0293  
 0.570    1.0288  
 0.575    1.0283  
 0.580    1.0277  
 0.585    1.0271  
 0.590    1.0264  
 0.595    1.0257  
 0.600    1.0249  
 0.605    1.0240  
 0.610    1.0230  
 0.615    1.0220  
 0.620    1.0210  
 0.625    1.0198  
 0.630    1.0185  
 0.635    1.0172  
 0.640    1.0157  
 0.645    1.0142  
 0.650    1.0125  
 0.655    1.0107  
 0.660    1.0088  
 0.665    1.0068  
 0.670    1.0047  
 0.675    1.0025  
 0.680    1.0001  
 0.685    0.9977  
 0.690    0.9950  
 0.695    0.9922  
 0.700    0.9895  
 0.705    0.9865  
 0.710    0.9834  
 0.715    0.9803  
 0.720    0.9770  
 0.725    0.9736  
 0.730    0.9702  
 0.735    0.9667  
 0.740    0.9631  
 0.745    0.9594  
 0.750    0.9557  
 0.755    0.9519  
 0.760    0.9482  
 0.765    0.9444  
 0.770    0.9405  
 0.775    0.9367  
 0.780    0.9328  
 0.785    0.9289  
 0.790    0.9251  
 0.795    0.9213  
 0.800    0.9174  
 0.805    0.9136  
 0.810    0.9098  
 0.815    0.9060  
 0.820    0.9023  
 0.825    0.8986  
 0.830    0.8949  
 0.835    0.8913  
 0.840    0.8877  
 0.845    0.8841  
 0.850    0.8805  
 0.855    0.8770  
 0.860    0.8735  
 0.865    0.8700  
 0.870    0.8666  
 0.875    0.8632  
 0.880    0.8598  
 0.885    0.8565  
 0.890    0.8531  
 0.895    0.8498  
 0.900    0.8465  
 0.905    0.8433  
 0.910    0.8401  
 0.915    0.8369  
 0.920    0.8337  
 0.925    0.8306  
 0.930    0.8275  
 0.935    0.8244  
 0.940    0.8213  
 0.945    0.8183  
 0.950    0.8153  
 0.955    0.8123  
 0.960    0.8093  
 0.965    0.8064  
 0.970    0.8035  
 0.975    0.8006  
 0.980    0.7978  
 0.985    0.7949  
 0.990    0.7921  
 0.995    0.7893  
 1.000    0.7866  
 1.100    0.7837  
 1.200    0.7380  
 1.300    0.6993  
 1.400    0.6666  
 1.500    0.6390  
 1.600    0.6157  
 1.700    0.5957  
 1.800    0.5783  
 1.900    0.5629  
 2.000    0.5492  
 2.100    0.5368  
 2.200    0.5255  
 2.300    0.5150  
 2.400    0.5052  
 2.500    0.4961  
 2.600    0.4876  
 2.700    0.4796  
 2.800    0.4719  
 2.900    0.4647  
 3.000    0.4578  
 3.100    0.4512  
 3.200    0.4450  
 3.300    0.4390  
 3.400    0.4334  
 3.500    0.4279  
 3.600    0.4227  
 3.700    0.4176  
 3.800    0.4128  
 3.900    0.4081  
 4.000    0.4036  
 4.100    0.3992  
 4.200    0.3950  
 4.300    0.3909  
 4.400    0.3869  
 4.500    0.3831  
 4.600    0.3794  
 4.700    0.3758  
 4.800    0.3723  
 4.900    0.3689  
 5.000    0.3657  
