Time(s)  React.($)
------------------
 0.000    0.0000  
 0.005    0.0023  
 0.010    0.0104  
 0.015    0.0298  
 0.020    0.0589  
 0.025    0.1140  
 0.030    0.1800  
 0.035    0.2663  
 0.040    0.3874  
 0.045    0.4713  
 0.050    0.5902  
 0.055    0.6807  
 0.060    0.7666  
 0.065    0.8614  
 0.070    0.9041  
 0.075    0.9627  
 0.080    0.9992  
 0.085    1.0281  
 0.090    1.0538  
 0.095    1.0632  
 0.100    1.0670  
 0.105    1.0679  
 0.110    1.0687  
 0.115    1.0692  
 0.120    1.0697  
 0.125    1.0702  
 0.130    1.0704  
 0.135    1.0706  
 0.140    1.0708  
 0.145    1.0712  
 0.150    1.0712  
 0.155    1.0716  
 0.160    1.0716  
 0.165    1.0716  
 0.170    1.0716  
 0.175    1.0720  
 0.180    1.0718  
 0.185    1.0719  
 0.190    1.0719  
 0.195    1.0719  
 0.200    1.0720  
 0.205    1.0722  
 0.210    1.0721  
 0.215    1.0721  
 0.220    1.0721  
 0.225    1.0723  
 0.230    1.0720  
 0.235    1.0721  
 0.240    1.0720  
 0.245    1.0722  
 0.250    1.0721  
 0.255    1.0722  
 0.260    1.0721  
 0.265    1.0721  
 0.270    1.0723  
 0.275    1.0724  
 0.280    1.0721  
 0.285    1.0721  
 0.290    1.0721  
 0.295    1.0721  
 0.300    1.0721  
 0.305    1.0721  
 0.310    1.0720  
 0.315    1.0721  
 0.320    1.0721  
 0.325    1.0719  
 0.330    1.0719  
 0.335    1.0717  
 0.340    1.0718  
 0.345    1.0717  
 0.350    1.0716  
 0.355    1.0714  
 0.360    1.0713  
 0.365    1.0712  
 0.370    1.0712  
 0.375    1.0709  
 0.380    1.0705  
 0.385    1.0703  
 0.390    1.0700  
 0.395    1.0698  
 0.400    1.0694  
 0.405    1.0690  
 0.410    1.0688  
 0.415    1.0681  
 0.420    1.0674  
 0.425    1.0668  
 0.430    1.0660  
 0.435    1.0651  
 0.440    1.0643  
 0.445    1.0631  
 0.450    1.0618  
 0.455    1.0605  
 0.460    1.0589  
 0.465    1.0573  
 0.470    1.0553  
 0.475    1.0529  
 0.480    1.0505  
 0.485    1.0477  
 0.490    1.0446  
 0.495    1.0413  
 0.500    1.0377  
 0.505    1.0336  
 0.510    1.0294  
 0.515    1.0247  
 0.520    1.0196  
 0.525    1.0143  
 0.530    1.0087  
 0.535    1.0027  
 0.540    0.9965  
 0.545    0.9902  
 0.550    0.9833  
 0.555    0.9765  
 0.560    0.9695  
 0.565    0.9626  
 0.570    0.9557  
 0.575    0.9488  
 0.580    0.9418  
 0.585    0.9346  
 0.590    0.9281  
 0.595    0.9212  
 0.600    0.9147  
 0.605    0.9086  
 0.610    0.9021  
 0.615    0.8961  
 0.620    0.8903  
 0.625    0.8845  
 0.630    0.8790  
 0.635    0.8736  
 0.640    0.8681  
 0.645    0.8629  
 0.650    0.8580  
 0.655    0.8528  
 0.660    0.8480  
 0.665    0.8432  
 0.670    0.8385  
 0.675    0.8337  
 0.680    0.8291  
 0.685    0.8246  
 0.690    0.8198  
 0.695    0.8158  
 0.700    0.8115  
 0.705    0.8071  
 0.710    0.8027  
 0.715    0.7985  
 0.720    0.7944  
 0.725    0.7902  
 0.730    0.7862  
 0.735    0.7820  
 0.740    0.7781  
 0.745    0.7741  
 0.750    0.7702  
 0.755    0.7663  
 0.760    0.7625  
 0.765    0.7586  
 0.770    0.7550  
 0.775    0.7514  
 0.780    0.7477  
 0.785    0.7441  
 0.790    0.7406  
 0.795    0.7371  
 0.800    0.7336  
 0.805    0.7303  
 0.810    0.7269  
 0.815    0.7236  
 0.820    0.7203  
 0.825    0.7171  
 0.830    0.7138  
 0.835    0.7109  
 0.840    0.7078  
 0.845    0.7048  
 0.850    0.7017  
 0.855    0.6988  
 0.860    0.6959  
 0.865    0.6931  
 0.870    0.6903  
 0.875    0.6876  
 0.880    0.6849  
 0.885    0.6821  
 0.890    0.6795  
 0.895    0.6769  
 0.900    0.6748  
 0.905    0.6720  
 0.910    0.6695  
 0.915    0.6671  
 0.920    0.6648  
 0.925    0.6625  
 0.930    0.6602  
 0.935    0.6580  
 0.940    0.6559  
 0.945    0.6536  
 0.950    0.6518  
 0.955    0.6495  
 0.960    0.6475  
 0.965    0.6455  
 0.970    0.6435  
 0.975    0.6416  
 0.980    0.6397  
 0.985    0.6379  
 0.990    0.6360  
 0.995    0.6343  
 1.000    0.6326  
 1.100    0.6308  
 1.200    0.6057  
 1.300    0.5859  
 1.400    0.5691  
 1.500    0.5549  
 1.600    0.5417  
 1.700    0.5300  
 1.800    0.5188  
 1.900    0.5083  
 2.000    0.4988  
 2.100    0.4898  
 2.200    0.4812  
 2.300    0.4729  
 2.400    0.4656  
 2.500    0.4580  
 2.600    0.4513  
 2.700    0.4448  
 2.800    0.4387  
 2.900    0.4325  
 3.000    0.4270  
 3.100    0.4218  
 3.200    0.4166  
 3.300    0.4117  
 3.400    0.4068  
 3.500    0.4020  
 3.600    0.3977  
 3.700    0.3935  
 3.800    0.3894  
 3.900    0.3854  
 4.000    0.3815  
 4.100    0.3778  
 4.200    0.3741  
 4.300    0.3706  
 4.400    0.3672  
 4.500    0.3639  
 4.600    0.3607  
 4.700    0.3575  
 4.800    0.3546  
 4.900    0.3515  
 5.000    0.3488  
