    0.000   10.000   30.000   50.000   70.000   90.000  110.000  130.000  150.000  170.000
     10.000   1.944E-02  2.509E-02  2.747E-02  2.317E-02  1.590E-02  1.793E-02  1.761E-02  1.217E-02  2.013E-03 
     30.000   2.509E-02  2.714E-02  2.796E-02  2.487E-02  2.049E-02  1.960E-02  1.787E-02  1.189E-02  1.923E-03 
     50.000   2.747E-02  2.796E-02  2.776E-02  2.542E-02  2.229E-02  2.018E-02  1.742E-02  9.978E-03  1.456E-03 
     70.000   2.317E-02  2.487E-02  2.542E-02  2.256E-02  1.851E-02  1.707E-02  1.353E-02  3.559E-03  4.288E-04 
     90.000   1.590E-02  2.049E-02  2.228E-02  1.851E-02  1.221E-02  1.245E-02  8.649E-03  1.450E-03  0.000E+00 
    110.000   1.793E-02  1.959E-02  2.018E-02  1.707E-02  1.245E-02  8.397E-03  2.389E-03  3.462E-04  0.000E+00 
    130.000   1.761E-02  1.786E-02  1.742E-02  1.353E-02  8.648E-03  2.389E-03  3.890E-04  0.000E+00  0.000E+00 
    150.000   1.216E-02  1.188E-02  9.975E-03  3.558E-03  1.450E-03  3.462E-04  0.000E+00  0.000E+00  0.000E+00 
    170.000   2.012E-03  1.922E-03  1.455E-03  4.287E-04  0.000E+00  0.000E+00  0.000E+00  0.000E+00  0.000E+00 
