    0.000   10.000   30.000   50.000   70.000   90.000  110.000  130.000  150.000  170.000
     10.000   1.116E-02  1.963E-02  2.178E-02  1.814E-02  9.133E-03  1.401E-02  1.400E-02  1.130E-02  1.610E-02 
     30.000   1.963E-02  2.150E-02  2.217E-02  1.971E-02  1.603E-02  1.553E-02  1.424E-02  1.102E-02  1.531E-02 
     50.000   2.178E-02  2.217E-02  2.201E-02  2.016E-02  1.767E-02  1.604E-02  1.461E-02  1.037E-02  1.178E-02 
     70.000   1.814E-02  1.970E-02  2.015E-02  1.788E-02  1.449E-02  1.359E-02  1.268E-02  2.520E-02  5.697E-03 
     90.000   9.132E-03  1.603E-02  1.767E-02  1.449E-02  7.047E-03  1.028E-02  8.952E-03  1.220E-02  0.000E+00 
    110.000   1.401E-02  1.553E-02  1.604E-02  1.359E-02  1.028E-02  8.773E-03  1.686E-02  4.547E-03  0.000E+00 
    130.000   1.400E-02  1.424E-02  1.461E-02  1.268E-02  8.951E-03  1.686E-02  5.201E-03  0.000E+00  0.000E+00 
    150.000   1.130E-02  1.102E-02  1.037E-02  2.519E-02  1.220E-02  4.546E-03  0.000E+00  0.000E+00  0.000E+00 
    170.000   1.610E-02  1.531E-02  1.177E-02  5.696E-03  0.000E+00  0.000E+00  0.000E+00  0.000E+00  0.000E+00 
