    0.000   10.804   32.412   54.020   75.628   97.236  118.844  140.452  162.060  183.668
     10.804   2.506E-02  2.046E-02  2.614E-02  2.205E-02  2.859E-02  2.341E-02  2.454E-02  1.313E-02  1.899E-03 
     32.412   2.046E-02  2.565E-02  2.133E-02  2.781E-02  2.385E-02  2.700E-02  1.576E-02  1.003E-02  1.390E-03 
     54.020   2.614E-02  2.133E-02  2.748E-02  2.341E-02  2.683E-02  1.989E-02  1.511E-02  3.483E-03  4.462E-04 
     75.628   2.205E-02  2.781E-02  2.341E-02  2.628E-02  1.912E-02  1.493E-02  1.008E-02  1.531E-03  0.000E+00 
     97.236   2.860E-02  2.386E-02  2.684E-02  1.912E-02  2.036E-02  1.049E-02  2.610E-03  4.226E-04  0.000E+00 
    118.844   2.342E-02  2.702E-02  1.990E-02  1.494E-02  1.050E-02  2.564E-03  4.865E-04  0.000E+00  0.000E+00 
    140.452   2.456E-02  1.577E-02  1.512E-02  1.008E-02  2.611E-03  4.865E-04  0.000E+00  0.000E+00  0.000E+00 
    162.060   1.314E-02  1.004E-02  3.485E-03  1.532E-03  4.228E-04  0.000E+00  0.000E+00  0.000E+00  0.000E+00 
    183.668   1.900E-03  1.391E-03  4.465E-04  0.000E+00  0.000E+00  0.000E+00  0.000E+00  0.000E+00  0.000E+00 
