    0.000   10.804   32.412   54.020   75.628   97.236  118.844  140.452  162.060  183.668
     10.804   2.164E-02  2.185E-02  2.254E-02  2.355E-02  2.452E-02  2.401E-02  2.146E-02  1.475E-02  2.400E-03 
     32.412   2.185E-02  2.212E-02  2.281E-02  2.388E-02  2.446E-02  2.335E-02  2.037E-02  1.166E-02  1.749E-03 
     54.020   2.255E-02  2.281E-02  2.358E-02  2.403E-02  2.304E-02  2.199E-02  1.740E-02  4.383E-03  5.241E-04 
     75.628   2.355E-02  2.389E-02  2.403E-02  2.253E-02  2.084E-02  1.912E-02  1.169E-02  1.912E-03  0.000E+00 
     97.236   2.453E-02  2.447E-02  2.305E-02  2.084E-02  1.761E-02  1.193E-02  3.299E-03  4.991E-04  0.000E+00 
    118.844   2.403E-02  2.336E-02  2.200E-02  1.912E-02  1.193E-02  3.196E-03  5.740E-04  0.000E+00  0.000E+00 
    140.452   2.147E-02  2.038E-02  1.741E-02  1.170E-02  3.300E-03  5.741E-04  0.000E+00  0.000E+00  0.000E+00 
    162.060   1.476E-02  1.167E-02  4.385E-03  1.913E-03  4.993E-04  0.000E+00  0.000E+00  0.000E+00  0.000E+00 
    183.668   2.402E-03  1.750E-03  5.245E-04  0.000E+00  0.000E+00  0.000E+00  0.000E+00  0.000E+00  0.000E+00 
