    0.000   10.804   32.412   54.020   75.628   97.236  118.844  140.452  162.060  183.668
     10.804   2.131E-02  2.186E-02  2.220E-02  2.357E-02  2.417E-02  2.406E-02  2.123E-02  1.514E-02  2.357E-03 
     32.412   2.186E-02  2.178E-02  2.283E-02  2.353E-02  2.451E-02  2.303E-02  2.088E-02  1.194E-02  1.712E-03 
     54.020   2.220E-02  2.283E-02  2.324E-02  2.407E-02  2.271E-02  2.210E-02  1.785E-02  4.294E-03  5.066E-04 
     75.628   2.357E-02  2.354E-02  2.408E-02  2.220E-02  2.089E-02  1.962E-02  1.198E-02  1.872E-03  0.000E+00 
     97.236   2.418E-02  2.452E-02  2.271E-02  2.089E-02  1.740E-02  1.219E-02  3.231E-03  4.831E-04  0.000E+00 
    118.844   2.408E-02  2.305E-02  2.211E-02  1.963E-02  1.220E-02  3.122E-03  5.573E-04  0.000E+00  0.000E+00 
    140.452   2.125E-02  2.090E-02  1.786E-02  1.199E-02  3.232E-03  5.574E-04  0.000E+00  0.000E+00  0.000E+00 
    162.060   1.516E-02  1.195E-02  4.297E-03  1.873E-03  4.833E-04  0.000E+00  0.000E+00  0.000E+00  0.000E+00 
    183.668   2.359E-03  1.713E-03  5.069E-04  0.000E+00  0.000E+00  0.000E+00  0.000E+00  0.000E+00  0.000E+00 
