    0.000   10.804   32.412   54.020   75.628   97.236  118.844  140.452  162.060  183.668
     10.804   2.129E-02  2.177E-02  2.218E-02  2.348E-02  2.419E-02  2.411E-02  2.127E-02  1.548E-02  2.214E-03 
     32.412   2.177E-02  2.177E-02  2.273E-02  2.354E-02  2.456E-02  2.304E-02  2.089E-02  1.215E-02  1.603E-03 
     54.020   2.218E-02  2.273E-02  2.325E-02  2.412E-02  2.272E-02  2.201E-02  1.817E-02  4.019E-03  4.437E-04 
     75.628   2.348E-02  2.355E-02  2.413E-02  2.221E-02  2.079E-02  1.969E-02  1.220E-02  1.750E-03  0.000E+00 
     97.236   2.420E-02  2.457E-02  2.272E-02  2.079E-02  1.745E-02  1.241E-02  3.027E-03  4.254E-04  0.000E+00 
    118.844   2.412E-02  2.306E-02  2.202E-02  1.970E-02  1.241E-02  2.923E-03  4.919E-04  0.000E+00  0.000E+00 
    140.452   2.128E-02  2.090E-02  1.818E-02  1.221E-02  3.028E-03  4.919E-04  0.000E+00  0.000E+00  0.000E+00 
    162.060   1.549E-02  1.216E-02  4.022E-03  1.750E-03  4.255E-04  0.000E+00  0.000E+00  0.000E+00  0.000E+00 
    183.668   2.215E-03  1.604E-03  4.440E-04  0.000E+00  0.000E+00  0.000E+00  0.000E+00  0.000E+00  0.000E+00 
