    0.000   11.561   34.684   57.806   80.929  104.052  127.174  150.297  173.419  196.542
     11.561   1.941E-02  1.966E-02  2.134E-02  2.126E-02  1.930E-02  1.786E-02  1.908E-02  1.519E-02  2.142E-03 
     34.684   1.966E-02  1.992E-02  2.024E-02  2.102E-02  1.903E-02  1.815E-02  1.860E-02  1.454E-02  2.046E-03 
     57.806   2.134E-02  2.024E-02  2.003E-02  1.975E-02  1.926E-02  1.682E-02  1.639E-02  1.242E-02  1.713E-03 
     80.929   2.125E-02  2.101E-02  1.974E-02  1.998E-02  1.857E-02  1.687E-02  1.376E-02  8.228E-03  1.035E-03 
    104.052   1.930E-02  1.902E-02  1.925E-02  1.857E-02  1.922E-02  1.796E-02  1.335E-02  2.613E-03  2.642E-04 
    127.174   1.785E-02  1.814E-02  1.681E-02  1.686E-02  1.796E-02  1.854E-02  1.026E-02  1.248E-03  0.000E+00 
    150.297   1.907E-02  1.859E-02  1.638E-02  1.375E-02  1.335E-02  1.026E-02  2.470E-03  3.139E-04  0.000E+00 
    173.419   1.518E-02  1.453E-02  1.242E-02  8.225E-03  2.612E-03  1.248E-03  3.138E-04  0.000E+00  0.000E+00 
    196.542   2.141E-03  2.044E-03  1.712E-03  1.035E-03  2.641E-04  0.000E+00  0.000E+00  0.000E+00  0.000E+00 
